FILE: gs250a-5
250 250 0
1 180 1685 1219 1072 1731 1845 1481 1386 1500 1382 1433 1580 1553 1939 1726 1444 1803 1449 1068 1855 1121 1284 1879 1428 1517 1345 1161 1549 1166 1611 1969 1575 1933 1183 1406 1478 1560 1355 1537 1724 1165 1738 1139 1654 1210 1975 1681 1162 1602 1074 1452 1945 1074 1892 1233 1100 1498 1799 1430 1363 1311 1058 1062 1763 1672 1944 1518 1971 1546 1146 1496 1124 1342 1466 1006 1420 1269 1366 1876 1241 1083 1376 1640 1108 1350 1908 1230 1236 1910 1497 1369 1968 1684 1008 1077 1890 1482 1837 1198 1874 1966 1637 1346 1867 1437 1599 1182 1678 1579 1821 1433 1562 1846 1804 1541 1872 1616 1581 1376 1570 1797 1550 1892 1869 1025 1498 1152 1790 1105 1888 1617 1919 1878 1906 1108 1141 1136 1326 1351 1637 1767 1707 1506 1915 1772 1960 1592 1170 1320 1816 1205 1745 1488 1226 1446 1977 1850 1222 1457 1207 1563 1278 1480 1242 1120 1684 1834 1040 1408 1994 1722 1909 1242 1045 1280 1995 1025 1606 1764 1342 1693 1173 1287 1306 1591 1949 1008 1607 1460 1531 1192 1789 1161 1346 1024 1387 1313 1362 1608 1564 1502 1105 1040 1515 1195 1513 1971 1405 1051 1657 1558 1134 1744 1870 1219 1707 1996 1300 1088 1482 1937 1429 1588 1091 1483 1585 1014 1303 1859 1984 1544 1620 1948 1318 1580 1880 1599 1445 1827 1652 1574 1186 1007 1700 1267 1780 1632 1308 1873 1015 1727 
2 173 1219 1143 1580 1910 1574 1396 1648 1749 1346 1940 1251 1787 1020 1558 1446 1147 1837 1206 1831 1125 1151 1601 1421 1673 1598 1835 1431 1188 1375 1677 1987 1494 1893 1722 1301 1449 1606 1048 1340 1058 1277 1521 1521 1515 1484 1425 1462 1079 1625 1550 1319 1175 1222 1422 1748 1653 1793 1803 1011 1578 1079 1139 1265 1495 1906 1098 1568 1534 1460 1867 1625 1302 1266 1347 1808 1937 1636 1923 1491 1243 1887 1948 1211 1320 1092 1605 1708 1571 1656 1306 1361 1528 1500 1275 1055 1361 1118 1479 1013 1519 1317 1564 1622 1372 1886 1945 1783 1290 1009 1709 1818 1041 1676 1496 1467 1930 1894 1002 1999 1587 1966 1262 1979 1791 1621 1381 1717 1259 1285 1852 1921 1793 1262 1131 1607 1693 1118 1622 1771 1847 1039 1718 1883 1401 1447 1073 1702 1410 1668 1744 1473 1388 1905 1370 1021 1155 1334 1035 1770 1885 1565 1985 1238 1775 1288 1840 1011 1217 1350 1467 1756 1910 1071 1168 1280 1788 1066 1337 1187 1194 1358 1245 1142 1195 1065 1108 1296 1436 1435 1095 1888 1468 1527 1429 1562 1915 1294 1244 1423 1431 1374 1351 1375 1810 1355 1560 1764 1193 1801 1730 1851 1749 1818 1200 1171 1758 1440 1739 1271 1485 1629 1701 1901 1765 1142 1514 1150 1696 1084 1180 1587 1351 1390 1926 1925 1914 1048 1673 1241 1142 1329 1474 1279 1571 1804 1584 1883 1360 1435 1304 
3 107 1072 1580 1180 1524 1274 1796 1067 1791 1354 1914 1630 1370 1764 1404 1526 1003 1624 1357 1616 1212 1569 1776 1691 1732 1571 1709 1190 1981 1654 1756 1815 1857 1627 1474 1434 1637 1516 1715 1196 1258 1842 1423 1261 1769 1393 1930 1035 1226 1660 1279 1345 1817 1591 1591 1426 1499 1807 1040 1165 1920 1949 1427 1468 1922 1312 1917 1188 1389 1412 1958 1505 1735 1654 1901 1165 1805 1746 1380 1489 1476 1029 1953 1557 1737 1364 1063 1467 1523 1746 1824 1087 1098 1288 1685 1195 1252 1745 1491 1418 1110 1226 1980 1878 1820 1245 1230 1948 1907 1784 1121 1029 1579 1507 1302 1742 1754 1793 1725 1462 1107 1736 1270 1579 1897 1772 1478 1404 1873 1095 1945 1127 1033 1504 1392 1729 1517 1853 1948 1249 1413 1747 1681 1328 1764 1652 1900 1422 1556 1065 1267 1594 1958 1904 1244 1293 1607 1783 1911 1032 1220 1309 1684 1353 1300 1074 1962 1006 1237 1497 1247 1736 1563 1160 1740 1592 1670 1804 1981 1148 1737 1647 1535 1573 1188 1161 1268 1916 1423 1985 1243 1551 1132 1116 1767 1163 1958 1044 1615 1186 1796 1977 1977 1111 1508 1825 1136 1554 1338 1083 1433 1504 1797 1290 1531 1643 1319 1197 1520 1162 1448 1322 1891 1962 1856 1029 1912 1656 1959 1804 1431 1278 1417 1874 1645 1104 1302 1827 1865 1483 1219 1390 1802 1104 1143 1023 1413 1580 1275 1484 1833 
4 178 1731 1910 1524 1689 1020 1427 1796 1045 1339 1493 1961 1164 1026 1646 1823 1729 1552 1414 1478 1906 1534 1077 1176 1168 1408 1290 1593 1086 1158 1496 1688 1389 1275 1698 1548 1060 1586 1579 1118 1758 1119 1539 1241 1339 1661 1653 1892 1768 1152 1100 1029 1188 1593 1079 1963 1448 1602 1753 1649 1848 1289 1252 1806 1400 1605 1262 1275 1383 1808 1233 1523 1459 1225 1735 1688 1155 1943 1001 1087 1975 1602 1181 1580 1921 1933 1333 1705 1726 1217 1705 1980 1551 1290 1307 1301 1453 1288 1329 1803 1384 1756 1430 1136 1020 1292 1424 1526 1192 1388 1396 1544 1198 1606 1785 1990 1785 1765 1460 1792 1076 1278 1318 1326 1229 1315 1444 1073 1098 1923 1356 1004 1695 1780 1368 1616 1718 1738 1604 1010 1933 1791 1699 1927 1692 1653 1702 1146 1366 1578 1235 1149 1981 1595 1417 1457 1818 1803 1604 1553 1293 1887 1461 1782 1857 1514 1400 1151 1238 1761 1930 1426 1769 1230 1928 1432 1116 1011 1374 1966 1158 1147 1589 1229 1326 1757 1485 1175 1164 1470 1883 1703 1401 1339 1413 1070 1315 1870 1036 1460 1669 1341 1712 1092 1998 1063 1256 1788 1538 1731 1902 1403 1558 1526 1611 1018 1404 1133 1661 1314 1015 1317 1532 1017 1192 1221 1642 1837 1420 1042 1943 1796 1508 1239 1918 1357 1824 1931 1015 1253 1430 1643 1041 1436 1871 1049 1546 1034 1916 1875 1739 
5 173 1845 1574 1274 1020 1029 1623 1960 1519 1842 1254 1232 1078 1432 1507 1943 1941 1657 1996 1170 1601 1354 1754 1691 1619 1671 1361 1204 1080 1309 1332 1793 1323 1967 1917 1173 1342 1768 1951 1732 1765 1934 1942 1923 1823 1513 1021 1015 1208 1425 1938 1749 1235 1606 1735 1927 1205 1547 1277 1459 1378 1989 1275 1911 1466 1069 1972 1068 1055 1701 1144 1569 1843 1455 1568 1112 1130 1735 1624 1293 1442 1527 1167 1590 1703 1502 1357 1521 1866 1750 1568 1532 1405 1934 1055 1611 1573 1140 1535 1189 1833 1204 1325 1347 1370 1801 1200 1851 1092 1074 1634 1070 1020 1085 1571 1284 1477 1870 1386 1430 1985 1377 1188 1803 1270 1075 1132 1763 1286 1504 1884 1957 1667 1558 1900 1101 1497 1773 1682 1850 1831 1414 1652 1792 1849 1627 1817 1081 1063 1444 1868 1764 1477 1933 1877 1310 1108 1249 1249 1394 1779 1893 1076 1447 1577 1950 1557 1019 1904 1578 1644 1475 1499 1544 1561 1064 1368 1085 1352 1886 1998 1866 1129 1791 1789 1328 1153 1746 1090 1196 1428 1684 1754 1443 1950 1393 1615 1476 1262 1449 1803 1829 1496 1748 1283 1159 1524 1645 1546 1800 1408 1257 1848 1682 1779 1936 1899 1878 1315 1461 1417 1566 1973 1973 1448 1698 1126 1183 1865 1134 1266 1892 1938 1546 1427 1345 1397 1861 1985 1452 1885 1519 1994 1414 1214 1347 1707 1779 1316 1306 1445 
6 146 1481 1396 1796 1427 1623 1319 1915 1469 1753 1628 1606 1007 1862 1441 1832 1099 1007 1584 1156 1409 1602 1090 1158 1670 1557 1418 1393 1903 1228 1724 1218 1084 1057 1080 1743 1406 1410 1059 1702 1783 1677 1592 1525 1775 1132 1489 1381 1572 1608 1546 1490 1197 1509 1639 1465 1586 1188 1708 1983 1708 1230 1041 1564 1364 1661 1762 1722 1841 1625 1933 1296 1062 1550 1170 1214 1394 1350 1186 1503 1779 1666 1162 1788 1323 1712 1356 1101 1022 1732 1851 1252 1764 1606 1857 1555 1280 1642 1466 1186 1176 1080 1264 1970 1735 1337 1721 1844 1610 1531 1739 1820 1094 1308 1300 1693 1105 1515 1580 1295 1547 1729 1471 1573 1208 1197 1896 1269 1846 1205 1825 1483 1616 1408 1411 1904 1512 1156 1138 1988 1949 1344 1390 1866 1173 1819 1359 1257 1639 1877 1684 1178 1012 1877 1727 1723 1956 1502 1912 1693 1358 1711 1005 1366 1150 1896 1761 1184 1386 1283 1843 1627 1718 1116 1407 1077 1951 1637 1271 1937 1802 1414 1071 1791 1550 1028 1308 1885 1707 1674 1694 1715 1395 1678 1702 1997 1546 1486 1733 1803 1627 1150 1792 1148 1008 1830 1094 1798 1648 1359 1498 1597 1256 1396 1178 1079 1572 1195 1434 1650 1941 1526 1057 1134 1814 1780 1144 1941 1354 1780 1777 1660 1792 1345 1469 1344 1688 1124 1783 1279 1762 1736 1033 1507 1439 1752 1468 1893 1775 1542 1855 
7 101 1386 1648 1067 1796 1960 1915 1919 1524 1851 1654 1756 1847 1090 1172 1906 1033 1376 1558 1714 1613 1892 1414 1411 1294 1840 1676 1075 1678 1400 1342 1574 1067 1441 1992 1133 1393 1854 1381 1682 1792 1956 1882 1641 1867 1831 1069 1313 1157 1042 1211 1511 1853 1609 1965 1608 1291 1659 1052 1647 1249 1657 1184 1665 1581 1623 1040 1905 1225 1245 1557 1054 1108 1283 1336 1173 1981 1187 1417 1470 1721 1319 1234 1579 1124 1698 1009 1495 1723 1668 1377 1821 1669 1389 1523 1495 1190 1576 1607 1627 1674 1373 1760 1641 1909 1776 1438 1335 1490 1512 1408 1052 1950 1783 1152 1598 1637 1772 1963 1065 1854 1325 1525 1223 1317 1715 1253 1630 1447 1891 1170 1121 1532 1115 1609 1828 1287 1407 1515 1391 1847 1690 1640 1515 1726 1040 1395 1529 1763 1970 1652 1097 1603 1119 1278 1758 1725 1285 1675 1418 1562 1188 1113 1486 1745 1877 1132 1782 1990 1183 1803 1888 1665 1135 1117 1097 1584 1729 1298 1612 1028 1967 1306 1148 1548 1572 1323 1612 1583 1281 1497 1986 1400 1123 1725 1105 1418 1598 1765 1451 1422 1139 1442 1653 1712 1796 1249 1817 1720 1519 1104 1370 1112 1968 1563 1557 1921 1235 1256 1253 1737 1413 1831 1244 1483 1380 1201 1641 1811 1748 1345 1567 1645 1343 1480 1795 1912 1148 1853 1473 1983 1110 1963 1607 1854 1706 1467 1444 1610 1692 1575 
8 143 1500 1749 1791 1045 1519 1469 1524 1190 1925 1198 1883 1989 1675 1643 1038 1339 1329 1121 1638 1375 1893 1869 1704 1345 1202 1152 1649 1878 1233 1928 1409 1249 1450 1465 1711 1162 1557 1687 1175 1099 1593 1524 1374 1753 1755 1059 1523 1576 1873 1744 1959 1986 1921 1470 1050 1247 1497 1775 1706 1569 1652 1961 1141 1447 1997 1415 1041 1777 1476 1906 1799 1780 1721 1141 1970 1263 1399 1363 1603 1249 1444 1273 1602 1507 1588 1049 1787 1012 1105 1757 1789 1874 1161 1929 1452 1755 1677 1577 1898 1313 1125 1449 1895 1703 1148 1787 1707 1668 1417 1377 1065 1245 1636 1173 1422 1624 1085 1276 1148 1188 1630 1541 1821 1267 1586 1607 1271 1636 1351 1621 1527 1284 1214 1443 1337 1496 1241 1607 1399 1771 1650 1826 1980 1604 1576 1317 1054 1679 1637 1732 1647 1481 1204 1974 1510 1881 1782 1673 1807 1710 1410 1620 1955 1860 1481 1919 1280 1942 1900 1153 1644 1030 1970 1344 1698 1524 1921 1980 1917 1671 1499 1900 1082 1752 1494 1309 1343 1502 1638 1715 1553 1752 1777 1056 1990 1868 1697 1815 1163 1981 1557 1381 1820 1560 1280 1470 1851 1359 1861 1848 1209 1253 1958 1171 1528 1020 1695 1209 1589 1573 1074 1224 1280 1694 1906 1816 1221 1790 1665 1974 1701 1709 1172 1656 1086 1135 1516 1650 1354 1618 1114 1010 1909 1737 1331 1843 1346 1458 1536 1738 
9 129 1382 1346 1354 1339 1842 1753 1851 1925 1195 1039 1600 1043 1624 1784 1192 1018 1766 1218 1146 1896 1377 1241 1746 1383 1181 1643 1235 1399 1968 1933 1962 1779 1090 1966 1119 1175 1396 1275 1371 1301 1124 1515 1147 1177 1787 1927 1884 1533 1590 1219 1990 1026 1395 1786 1828 1433 1783 1659 1484 1464 1231 1100 1607 1360 1935 1245 1108 1935 1322 1703 1985 1211 1772 1516 1076 1299 1583 1383 1997 1699 1713 1565 1066 1655 1326 1365 1484 1739 1682 1593 1561 1304 1387 1928 1255 1976 1552 1578 1826 1830 1878 1142 1868 1421 1208 1085 1506 1306 1570 1732 1045 1229 1244 1184 1844 1625 1893 1064 1703 1585 1274 1503 1536 1960 1570 1262 1619 1732 1875 1408 1196 1344 1863 1444 1710 1108 1156 1298 1458 1377 1459 1084 1944 1620 1946 1032 1700 1060 1972 1502 1880 1038 1612 1482 1386 1749 1071 1480 1822 1514 1499 1210 1045 1239 1232 1993 1608 1226 1999 1261 1865 1972 1121 1080 1020 1147 1240 1100 1914 1366 1597 1829 1815 1943 1405 1652 1995 1273 1338 1487 1391 1989 1670 1487 1109 1565 1097 1705 1069 1513 1772 1113 1561 1834 1582 1895 1003 1869 1202 1408 1675 1229 1957 1724 1716 1930 1019 1166 1151 1415 1974 1723 1260 1605 1293 1776 1028 1646 1726 1025 1001 1489 1170 1023 1288 1983 1022 1232 1030 1625 1564 1008 1077 1619 1398 1402 1196 1407 1476 1209 
10 155 1433 1940 1914 1493 1254 1628 1654 1198 1039 1336 1741 1158 1768 1593 1929 1646 1350 1093 1542 1932 1721 1453 1542 1190 1697 1725 1781 1328 1644 1035 1716 1984 1119 1783 1423 1604 1275 1566 1453 1997 1795 1483 1553 1293 1663 1964 1795 1695 1527 1795 1127 1936 1953 1486 1895 1848 1342 1645 1353 1948 1795 1501 1703 1451 1709 1252 1690 1606 1379 1378 1285 1777 1392 1580 1484 1160 1097 1508 1765 1552 1920 1922 1217 1075 1825 1452 1891 1258 1683 1609 1387 1391 1838 1206 1225 1553 1659 1839 1013 1213 1340 1596 1962 1828 1757 1635 1762 1324 1628 1801 1367 1881 1794 1929 1704 1922 1873 1994 1848 1715 1089 1765 1692 1486 1536 1113 1642 1468 1687 1636 1364 1763 1398 1755 1131 1460 1209 1936 1772 1878 1222 1197 1789 1372 1321 1547 1638 1579 1039 1537 1742 1544 1832 1542 1231 1595 1057 1968 1966 1404 1420 1017 1870 1124 1196 1171 1095 1013 1977 1053 1056 1451 1250 1831 1871 1750 1580 1793 1224 1681 1670 1287 1204 1103 1094 1649 1122 1608 1974 1298 1868 1600 1389 1639 1814 1696 1786 1940 1813 1861 1191 1837 1311 1198 1490 1621 1112 1770 1555 1962 1824 1393 1520 1232 1520 1778 1959 1079 1641 1949 1270 1411 1674 1328 1031 1437 1636 1409 1625 1940 1901 1407 1893 1419 1391 1809 1125 1266 1666 1219 1138 1631 1955 1411 1751 1140 1635 1990 1422 1105 
11 122 1580 1251 1630 1961 1232 1606 1756 1883 1600 1741 1572 1330 1395 1367 1890 1691 1630 1932 1726 1576 1832 1630 1085 1028 1213 1305 1503 1746 1245 1345 1914 1125 1660 1291 1963 1928 1563 1148 1188 1379 1279 1449 1963 1948 1121 1586 1617 1618 1717 1453 1640 1910 1055 1929 1361 1447 1914 1220 1032 1349 1819 1615 1703 1219 1188 1663 1808 1024 1830 1316 1855 1636 1438 1070 1138 1324 1241 1626 1877 1970 1478 1110 1676 1301 1832 1381 1734 1908 1497 1459 1678 1336 1030 1600 1468 1031 1636 1057 1237 1420 1055 1050 1502 1905 1697 1984 1646 1063 1188 1438 1062 1809 1976 1965 1890 1834 1166 1227 1730 1077 1220 1500 1256 1517 1703 1079 1120 1076 1707 1617 1070 1899 1131 1920 1676 1803 1455 1249 1566 1177 1175 1631 1602 1103 1554 1241 1869 1995 1841 1364 1911 1522 1620 1979 1109 1106 1441 1489 1600 1777 1384 1640 1661 1654 1734 1150 1950 1853 1390 1076 1509 1084 1198 1467 1954 1729 1834 1314 1731 1681 1423 1345 1868 1722 1518 1686 1114 1725 1630 1920 1883 1461 1933 1584 1894 1282 1319 1622 1932 1486 1463 1837 1617 1609 1033 1868 1608 1468 1724 1718 1126 1191 1258 1379 1222 1059 1014 1569 1680 1402 1439 1122 1975 1363 1898 1058 1184 1789 1125 1872 1259 1037 1915 1056 1562 1983 1240 1409 1084 1007 1410 1142 1235 1234 1476 1332 1627 1822 1491 1732 
12 174 1553 1787 1370 1164 1078 1007 1847 1989 1043 1158 1330 1569 1815 1498 1911 1625 1109 1831 1478 1583 1169 1094 1601 1749 1269 1416 1549 1842 1155 1323 1934 1940 1360 1433 1770 1922 1985 1724 1768 1207 1610 1435 1775 1068 1488 1110 1759 1293 1673 1828 1253 1483 1253 1139 1658 1770 1329 1753 1313 1230 1901 1500 1742 1768 1323 1593 1975 1775 1476 1735 1362 1316 1319 1094 1776 1145 1969 1675 1618 1320 1980 1127 1518 1710 1957 1512 1162 1157 1179 1064 1122 1596 1378 1484 1122 1897 1330 1779 1623 1721 1421 1198 1154 1158 1841 1281 1280 1452 1550 1566 1618 1567 1701 1967 1814 1894 1644 1375 1875 1869 1187 1498 1773 1796 1269 1477 1720 1641 1692 1308 1022 1089 1074 1604 1925 1645 1684 1726 1349 1048 1305 1813 1920 1799 1790 1739 1212 1070 1458 1548 1593 1774 1000 1363 1597 1091 1039 1336 1213 1217 1002 1649 1007 1621 1468 1100 1483 1599 1637 1314 1579 1398 1089 1100 1718 1688 1479 1994 1315 1680 1323 1505 1140 1646 1548 1121 1452 1151 1933 1576 1309 1751 1136 1430 1949 1459 1419 1488 1671 1747 1768 1085 1096 1373 1537 1772 1234 1813 1283 1435 1257 1572 1947 1377 1373 1165 1039 1392 1732 1049 1978 1366 1747 1275 1248 1434 1745 1155 1524 1228 1359 1721 1430 1237 1557 1252 1067 1825 1725 1658 1999 1925 1703 1999 1816 1951 1180 1917 1966 1951 
13 136 1939 1020 1764 1026 1432 1862 1090 1675 1624 1768 1395 1815 1267 1980 1532 1299 1727 1774 1602 1828 1667 1162 1435 1452 1061 1253 1124 1151 1718 1878 1914 1476 1614 1704 1481 1850 1624 1200 1672 1480 1395 1102 1731 1789 1691 1531 1559 1767 1950 1434 1028 1159 1358 1492 1882 1885 1213 1152 1256 1599 1860 1948 1350 1806 1979 1756 1278 1426 1511 1148 1639 1224 1996 1500 1819 1005 1614 1999 1584 1983 1694 1226 1966 1232 1997 1454 1995 1623 1528 1321 1299 1151 1176 1039 1100 1062 1955 1795 1646 1690 1134 1492 1608 1394 1027 1495 1460 1525 1735 1536 1403 1812 1617 1431 1823 1071 1761 1771 1860 1664 1265 1235 1076 1589 1568 1693 1788 1626 1652 1744 1072 1431 1372 1845 1991 1001 1698 1705 1055 1398 1162 1076 1466 1150 1280 1611 1165 1232 1232 1945 1217 1036 1587 1652 1566 1228 1344 1235 1692 1908 1087 1803 1198 1972 1511 1599 1857 1091 1126 1026 1160 1202 1405 1332 1883 1924 1153 1608 1712 1803 1399 1261 1461 1800 1565 1610 1902 1913 1221 1767 1749 1351 1180 1456 1823 1165 1241 1931 1931 1739 1336 1639 1489 1049 1383 1800 1416 1092 1612 1547 1342 1402 1656 1785 1648 1047 1177 1429 1378 1019 1319 1177 1551 1429 1762 1470 1903 1394 1662 1796 1595 1052 1257 1002 1911 1579 1420 1756 1486 1644 1937 1833 1087 1178 1804 1363 1485 1897 1304 1709 
14 144 1726 1558 1404 1646 1507 1441 1172 1643 1784 1593 1367 1498 1980 1455 1165 1132 1346 1647 1565 1889 1549 1575 1277 1932 1884 1167 1726 1857 1451 1967 1247 1259 1169 1600 1317 1154 1139 1813 1051 1624 1338 1507 1737 1333 1691 1658 1694 1079 1038 1541 1232 1041 1029 1154 1996 1858 1494 1254 1485 1227 1292 1916 1001 1146 1198 1012 1844 1477 1842 1518 1010 1977 1229 1059 1171 1463 1893 1599 1246 1250 1189 1680 1308 1534 1768 1108 1137 1874 1773 1513 1182 1417 1771 1662 1224 1040 1962 1965 1521 1051 1698 1037 1700 1614 1836 1770 1208 1545 1961 1780 1567 1654 1015 1662 1249 1259 1345 1948 1422 1061 1729 1175 1372 1011 1384 1973 1868 1341 1506 1571 1252 1408 1367 1645 1549 1505 1493 1888 1355 1305 1968 1232 1810 1085 1389 1117 1412 1387 1497 1713 1980 1282 1022 1505 1518 1875 1780 1145 1287 1232 1532 1977 1852 1358 1663 1147 1388 1404 1190 1690 1028 1749 1142 1519 1533 1115 1842 1706 1065 1370 1117 1975 1347 1180 1973 1796 1985 1158 1766 1008 1243 1677 1396 1361 1038 1994 1557 1881 1455 1845 1575 1488 1546 1165 1869 1737 1701 1099 1559 1123 1378 1942 1254 1836 1464 1181 1555 1373 1048 1288 1306 1924 1904 1422 1114 1929 1436 1692 1176 1715 1396 1144 1950 1621 1137 1124 1690 1510 1687 1174 1382 1091 1432 1117 1113 1930 1679 1491 1400 1593 
15 188 1444 1446 1526 1823 1943 1832 1906 1038 1192 1929 1890 1911 1532 1165 1976 1519 1783 1846 1994 1354 1922 1578 1107 1803 1049 1262 1399 1274 1463 1933 1476 1302 1998 1267 1256 1810 1364 1209 1193 1056 1424 1747 1097 1795 1844 1588 1213 1681 1009 1048 1699 1444 1611 1901 1175 1879 1814 1509 1486 1164 1416 1974 1353 1559 1889 1625 1045 1996 1731 1601 1745 1600 1013 1827 1768 1684 1546 1144 1271 1224 1557 1897 1628 1367 1296 1750 1114 1998 1472 1002 1066 1890 1916 1206 1169 1471 1402 1352 1019 1752 1007 1406 1633 1421 1925 1487 1055 1667 1148 1452 1705 1735 1911 1188 1650 1760 1313 1374 1423 1914 1015 1009 1580 1381 1428 1479 1618 1205 1289 1443 1440 1544 1042 1326 1997 1347 1919 1699 1288 1000 1132 1318 1350 1959 1089 1118 1417 1920 1025 1930 1884 1535 1970 1208 1248 1220 1450 1554 1676 1082 1833 1302 1349 1497 1717 1971 1258 1367 1285 1842 1580 1594 1012 1453 1323 1797 1639 1295 1363 1798 1827 1481 1558 1926 1391 1681 1075 1650 1511 1092 1600 1582 1846 1737 1572 1389 1942 1858 1118 1621 1846 1703 1825 1019 1331 1475 1020 1305 1639 1730 1701 1001 1148 1995 1788 1307 1867 1915 1845 1565 1170 1666 1928 1340 1674 1963 1711 1656 1660 1407 1561 1410 1953 1472 1699 1500 1666 1908 1122 1697 1702 1840 1426 1793 1445 1349 1197 1056 1515 1805 
16 112 1803 1147 1003 1729 1941 1099 1033 1339 1018 1646 1691 1625 1299 1132 1519 1519 1019 1752 1480 1146 1194 1602 1154 1391 1846 1948 1851 1189 1492 1747 1656 1918 1621 1180 1587 1342 1968 1452 1315 1095 1207 1323 1693 1705 1984 1654 1257 1722 1679 1732 1357 1949 1813 1681 1067 1342 1503 1715 1536 1570 1876 1533 1935 1809 1837 1629 1659 1766 1111 1794 1927 1483 1956 1606 1461 1946 1457 1167 1374 1038 1805 1897 1941 1852 1468 1634 1399 1912 1669 1849 1442 1320 1053 1240 1555 1369 1981 1496 1858 1651 1335 1505 1599 1189 1244 1790 1969 1623 1645 1459 1384 1990 1080 1442 1895 1116 1632 1301 1880 1164 1411 1397 1677 1363 1500 1685 1316 1445 1755 1932 1990 1834 1375 1628 1453 1103 1653 1378 1967 1740 1791 1050 1978 1756 1222 1469 1163 1155 1303 1929 1020 1814 1828 1312 1633 1779 1227 1090 1798 1546 1889 1989 1140 1311 1499 1611 1390 1769 1798 1774 1486 1453 1671 1864 1627 1169 1977 1985 1973 1544 1016 1170 1112 1235 1050 1455 1980 1806 1773 1084 1365 1832 1147 1630 1673 1231 1505 1311 1093 1390 1325 1292 1836 1079 1590 1235 1585 1720 1124 1905 1830 1010 1834 1082 1230 1456 1239 1591 1670 1836 1211 1704 1160 1122 1323 1722 1238 1902 1721 1990 1027 1822 1911 1151 1612 1088 1385 1902 1887 1556 1473 1050 1523 1439 1352 1132 1227 1165 1587 1391 
17 193 1449 1837 1624 1552 1657 1007 1376 1329 1766 1350 1630 1109 1727 1346 1783 1019 1418 1142 1391 1109 1893 1243 1039 1764 1787 1009 1316 1435 1580 1265 1475 1687 1107 1424 1008 1347 1481 1865 1146 1121 1872 1695 1190 1741 1702 1318 1435 1296 1258 1702 1992 1917 1273 1762 1260 1460 1505 1760 1363 1346 1834 1125 1297 1217 1920 1608 1105 1563 1952 1172 1827 1976 1506 1522 1533 1188 1066 1688 1207 1543 1216 1555 1762 1073 1052 1770 1973 1819 1832 1898 1612 1567 1410 1262 1555 1638 1466 1367 1150 1912 1086 1298 1631 1720 1696 1022 1847 1767 1912 1981 1099 1756 1312 1898 1361 1844 1672 1185 1668 1613 1699 1876 1950 1686 1790 1479 1091 1669 1842 1663 1507 1556 1654 1177 1005 1265 1951 1913 1220 1457 1550 1517 1406 1292 1718 1459 1856 1282 1233 1958 1746 1896 1196 1681 1670 1075 1115 1609 1658 1309 1299 1991 1946 1433 1085 1777 1300 1807 1937 1448 1150 1020 1948 1644 1332 1793 1766 1496 1719 1217 1492 1070 1510 1003 1565 1829 1472 1885 1179 1516 1910 1838 1246 1373 1642 1266 1462 1093 1774 1821 1478 1408 1538 1998 1728 1742 1988 1179 1941 1801 1831 1262 1860 1535 1173 1551 1209 1368 1461 1049 1433 1095 1410 1818 1248 1367 1178 1558 1526 1154 1592 1064 1551 1109 1694 1714 1170 1223 1389 1652 1887 1694 1476 1810 1407 1396 1850 1436 1683 1878 
18 115 1068 1206 1357 1414 1996 1584 1558 1121 1218 1093 1932 1831 1774 1647 1846 1752 1142 1281 1985 1275 1629 1093 1025 1060 1542 1594 1674 1021 1823 1575 1292 1393 1332 1273 1211 1529 1456 1696 1403 1028 1345 1037 1857 1729 1567 1840 1701 1469 1456 1076 1599 1013 1940 1786 1456 1069 1129 1439 1959 1785 1446 1673 1992 1639 1575 1561 1441 1134 1019 1077 1443 1187 1538 1899 1591 1641 1254 1220 1132 1783 1705 1711 1695 1299 1626 1303 1572 1545 1741 1941 1090 1567 1342 1959 1098 1753 1949 1245 1109 1543 1812 1840 1121 1088 1557 1134 1647 1269 1745 1320 1002 1994 1626 1244 1350 1153 1874 1331 1565 1169 1583 1726 1432 1521 1302 1315 1215 1174 1389 1774 1121 1293 1476 1312 1702 1175 1314 1261 1718 1783 1784 1161 1493 1805 1356 1513 1295 1628 1778 1837 1779 1152 1271 1206 1008 1833 1020 1905 1102 1871 1234 1377 1036 1951 1558 1102 1612 1427 1125 1578 1155 1384 1020 1048 1943 1452 1440 1140 1922 1806 1338 1072 1717 1238 1823 1569 1494 1717 1099 1173 1676 1347 1231 1066 1072 1116 1511 1101 1431 1353 1713 1169 1963 1302 1007 1566 1846 1702 1826 1526 1273 1803 1462 1565 1038 1702 1666 1790 1226 1422 1047 1844 1009 1634 1532 1632 1102 1418 1695 1479 1896 1994 1207 1894 1804 1801 1206 1581 1853 1853 1870 1854 1051 1763 1961 1128 1557 1349 1633 1619 
19 119 1855 1831 1616 1478 1170 1156 1714 1638 1146 1542 1726 1478 1602 1565 1994 1480 1391 1985 1226 1277 1927 1329 1294 1697 1650 1655 1519 1377 1689 1898 1920 1142 1399 1997 1175 1985 1240 1771 1735 1334 1087 1614 1865 1555 1855 1243 1517 1960 1593 1044 1439 1111 1709 1023 1425 1690 1473 1918 1111 1727 1464 1488 1235 1461 1108 1518 1750 1618 1974 1563 1708 1386 1972 1974 1316 1868 1119 1225 1075 1294 1026 1080 1402 1775 1759 1631 1650 1883 1238 1732 1918 1824 1819 1870 1572 1510 1227 1997 1882 1284 1492 1349 1663 1602 1035 1804 1355 1433 1577 1786 1421 1685 1016 1261 1488 1403 1930 1850 1129 1053 1862 1595 1695 1654 1050 1407 1097 1045 1745 1721 1959 1071 1786 1403 1025 1960 1583 1428 1254 1687 1164 1365 1487 1591 1441 1202 1099 1033 1352 1535 1549 1384 1044 1663 1229 1106 1736 1616 1507 1225 1429 1634 1400 1969 1127 1158 1747 1849 1706 1830 1315 1975 1099 1559 1735 1875 1959 1175 1670 1612 1439 1695 1131 1467 1264 1746 1337 1978 1733 1170 1029 1618 1830 1336 1656 1878 1071 1202 1314 1062 1274 1648 1870 1545 1882 1120 1158 1807 1013 1108 1669 1990 1886 1496 1627 1297 1781 1311 1868 1974 1183 1901 1422 1195 1279 1084 1208 1603 1453 1279 1745 1797 1939 1178 1284 1556 1292 1955 1281 1063 1823 1585 1591 1927 1669 1262 1317 1277 1639 1481 
20 170 1121 1125 1212 1906 1601 1409 1613 1375 1896 1932 1576 1583 1828 1889 1354 1146 1109 1275 1277 1702 1506 1795 1977 1337 1889 1788 1570 1855 1388 1291 1586 1662 1134 1370 1954 1069 1391 1131 1160 1724 1393 1847 1966 1086 1044 1471 1016 1216 1661 1036 1751 1680 1405 1995 1514 1829 1553 1019 1286 1251 1275 1293 1918 1667 1072 1834 1305 1054 1524 1867 1382 1281 1508 1791 1353 1038 1550 1758 1070 1329 1452 1412 1957 1328 1864 1800 1388 1862 1947 1001 1930 1316 1793 1500 1350 1231 1750 1832 1797 1385 1312 1541 1066 1627 1732 1968 1344 1260 1006 1914 1354 1238 1398 1700 1294 1976 1147 1664 1481 1034 1526 1614 1110 1478 1901 1279 1025 1179 1943 1285 1918 1845 1663 1687 1860 1064 1414 1590 1560 1134 1514 1886 1276 1970 1666 1649 1767 1857 1800 1201 1210 1350 1529 1397 1464 1075 1841 1158 1615 1741 1209 1770 1190 1121 1763 1994 1947 1299 1680 1520 1656 1951 1456 1779 1774 1958 1204 1664 1413 1114 1651 1177 1520 1219 1974 1543 1660 1348 1137 1818 1326 1553 1889 1518 1165 1807 1080 1308 1038 1444 1442 1281 1316 1905 1494 1853 1319 1044 1742 1805 1300 1792 1809 1517 1890 1459 1662 1902 1400 1446 1591 1097 1893 1661 1101 1419 1425 1403 1364 1631 1376 1021 1388 1052 1256 1099 1573 1523 1911 1473 1792 1790 1525 1845 1663 1300 1328 1292 1172 1980 
21 141 1284 1151 1569 1534 1354 1602 1892 1893 1377 1721 1832 1169 1667 1549 1922 1194 1893 1629 1927 1506 1425 1289 1989 1581 1512 1749 1017 1585 1316 1644 1122 1737 1955 1991 1665 1224 1541 1919 1363 1083 1897 1645 1991 1219 1134 1885 1765 1375 1347 1869 1939 1468 1245 1598 1646 1191 1962 1513 1516 1292 1859 1233 1095 1425 1579 1505 1611 1997 1144 1040 1100 1900 1377 1375 1438 1545 1423 1427 1302 1102 1661 1896 1597 1352 1774 1165 1373 1050 1274 1860 1771 1221 1250 1723 1022 1279 1630 1964 1038 1387 1729 1723 1621 1955 1376 1836 1817 1693 1385 1522 1462 1113 1674 1178 1431 1894 1785 1920 1635 1020 1116 1033 1297 1082 1615 1990 1529 1667 1254 1183 1749 1233 1024 1039 1966 1375 1766 1665 1471 1888 1598 1686 1950 1540 1234 1421 1570 1951 1959 1071 1050 1493 1561 1060 1265 1614 1986 1187 1400 1488 1002 1759 1201 1409 1661 1337 1333 1818 1825 1279 1396 1386 1548 1714 1627 1050 1596 1113 1802 1409 1882 1112 1394 1391 1092 1748 1499 1587 1299 1753 1575 1174 1831 1071 1512 1818 1180 1251 1075 1472 1236 1877 1249 1472 1624 1685 1512 1839 1420 1522 1572 1189 1046 1814 1599 1169 1594 1687 1485 1803 1399 1405 1150 1685 1104 1277 1452 1394 1026 1692 1702 1057 1090 1438 1339 1465 1124 1956 1777 1635 1773 1699 1977 1241 1849 1232 1754 1812 1362 1247 
22 135 1879 1601 1776 1077 1754 1090 1414 1869 1241 1453 1630 1094 1162 1575 1578 1602 1243 1093 1329 1795 1289 1096 1037 1143 1376 1517 1592 1320 1450 1104 1550 1857 1882 1825 1883 1722 1633 1713 1251 1167 1754 1696 1127 1474 1776 1546 1597 1700 1101 1837 1094 1580 1917 1331 1869 1246 1663 1693 1470 1920 1590 1945 1012 1221 1436 1558 1518 1273 1756 1596 1115 1241 1929 1813 1362 1462 1379 1118 1501 1836 1044 1293 1896 1618 1612 1402 1457 1278 1575 1770 1320 1580 1612 1946 1575 1540 1343 1569 1303 1414 1986 1525 1731 1378 1945 1308 1763 1054 1857 1000 1678 1536 1137 1759 1280 1075 1549 1238 1270 1080 1833 1834 1132 1586 1913 1166 1310 1854 1738 1704 1954 1249 1260 1944 1023 1063 1601 1034 1022 1427 1933 1268 1152 1980 1094 1344 1165 1447 1494 1796 1684 1777 1313 1504 1300 1002 1546 1696 1193 1481 1912 1339 1591 1665 1169 1326 1818 1061 1853 1374 1236 1536 1988 1029 1853 1629 1785 1693 1874 1011 1867 1066 1981 1774 1051 1930 1624 1677 1221 1660 1109 1023 1314 1381 1743 1329 1961 1176 1850 1418 1811 1243 1910 1120 1060 1421 1618 1222 1235 1976 1139 1824 1743 1068 1347 1759 1234 1792 1313 1237 1302 1209 1845 1362 1545 1269 1343 1689 1542 1031 1761 1460 1744 1089 1954 1696 1843 1612 1187 1784 1626 1899 1097 1726 1856 1855 1877 1699 1210 1303 
23 198 1428 1421 1691 1176 1691 1158 1411 1704 1746 1542 1085 1601 1435 1277 1107 1154 1039 1025 1294 1977 1989 1037 1092 1812 1530 1098 1661 1368 1973 1731 1975 1471 1458 1098 1798 1076 1888 1685 1566 1687 1804 1211 1619 1297 1697 1290 1336 1594 1509 1572 1844 1481 1206 1644 1433 1428 1838 1469 1364 1697 1995 1654 1198 1967 1056 1315 1320 1387 1151 1826 1810 1597 1228 1244 1310 1741 1137 1669 1057 1003 1146 1337 1724 1704 1776 1731 1233 1485 1381 1467 1198 1606 1366 1265 1150 1902 1455 1770 1198 1414 1917 1506 1290 1236 1146 1748 1725 1609 1517 1588 1072 1783 1911 1986 1151 1695 1818 1074 1243 1973 1436 1505 1169 1323 1650 1121 1405 1806 1317 1730 1884 1049 1758 1260 1652 1922 1854 1089 1012 1708 1667 1810 1343 1294 1981 1237 1217 1424 1671 1912 1999 1539 1315 1905 1567 1233 1943 1189 1317 1864 1334 1366 1112 1341 1776 1030 1319 1631 1676 1541 1600 1002 1947 1503 1618 1548 1564 1716 1298 1019 1201 1889 1816 1486 1358 1893 1959 1878 1870 1839 1023 1919 1231 1758 1897 1497 1606 1164 1498 1993 1970 1285 1198 1609 1249 1242 1422 1216 1900 1955 1049 1763 1810 1056 1791 1773 1937 1602 1198 1954 1590 1849 1439 1469 1762 1889 1535 1877 1413 1416 1176 1297 1122 1407 1798 1806 1996 1007 1063 1624 1259 1390 1406 1096 1427 1870 1803 1015 1455 1071 
24 141 1517 1673 1732 1168 1619 1670 1294 1345 1383 1190 1028 1749 1452 1932 1803 1391 1764 1060 1697 1337 1581 1143 1812 1317 1790 1403 1265 1669 1713 1652 1603 1000 1894 1946 1123 1484 1553 1898 1673 1024 1142 1186 1630 1755 1944 1366 1587 1614 1515 1195 1510 1485 1349 1247 1024 1974 1691 1092 1979 1328 1902 1842 1960 1539 1276 1321 1888 1156 1713 1658 1377 1851 1173 1571 1994 1248 1288 1133 1092 1069 1068 1301 1354 1111 1083 1980 1719 1094 1044 1910 1843 1916 1179 1163 1746 1324 1318 1514 1803 1568 1084 1492 1745 1032 1106 1361 1807 1398 1655 1848 1702 1369 1610 1864 1556 1475 1155 1029 1476 1999 1131 1262 1900 1553 1423 1225 1382 1343 1311 1905 1980 1633 1177 1110 1893 1467 1489 1163 1500 1156 1442 1573 1477 1580 1196 1966 1119 1820 1094 1059 1553 1166 1767 1955 1972 1021 1546 1543 1570 1738 1075 1277 1314 1919 1539 1131 1219 1213 1401 1989 1289 1130 1074 1278 1761 1921 1415 1095 1829 1042 1460 1639 1486 1232 1296 1206 1664 1755 1490 1540 1294 1808 1965 1824 1478 1652 1743 1077 1403 1484 1453 1257 1169 1584 1010 1837 1179 1771 1384 1147 1249 1693 1842 1247 1097 1988 1594 1634 1363 1847 1229 1545 1819 1008 1864 1143 1930 1711 1398 1380 1404 1648 1787 1791 1916 1438 1741 1033 1636 1663 1754 1421 1729 1983 1865 1265 1486 1380 1069 1268 
25 123 1345 1598 1571 1408 1671 1557 1840 1202 1181 1697 1213 1269 1061 1884 1049 1846 1787 1542 1650 1889 1512 1376 1530 1790 1045 1768 1791 1692 1951 1187 1238 1906 1636 1140 1374 1463 1232 1075 1822 1088 1269 1786 1552 1318 1286 1704 1627 1395 1778 1181 1983 1035 1513 1659 1542 1229 1754 1144 1419 1738 1404 1880 1520 1427 1619 1638 1303 1104 1917 1523 1986 1024 1309 1697 1989 1694 1486 1948 1877 1157 1598 1475 1597 1407 1647 1835 1296 1075 1035 1425 1478 1068 1290 1422 1805 1291 1509 1595 1315 1131 1541 1865 1328 1845 1447 1059 1845 1512 1266 1728 1690 1706 1623 1464 1208 1547 1198 1598 1776 1284 1604 1708 1919 1071 1691 1822 1316 1080 1814 1740 1464 1628 1100 1369 1297 1453 1228 1484 1525 1804 1784 1820 1994 1514 1686 1894 1825 1680 1739 1480 1635 1148 1835 1125 1604 1417 1842 1620 1683 1157 1696 1837 1714 1963 1742 1832 1747 1529 1854 1620 1342 1882 1355 1528 1119 1833 1278 1544 1361 1315 1997 1545 1931 1740 1758 1836 1296 1061 1137 1886 1940 1665 1973 1680 1929 1782 1776 1585 1942 1538 1183 1143 1516 1337 1450 1692 1806 1699 1546 1224 1637 1238 1860 1388 1129 1916 1058 1035 1670 1234 1125 1225 1529 1530 1119 1095 1885 1015 1664 1487 1550 1726 1727 1761 1171 1045 1695 1678 1198 1927 1292 1775 1381 1521 1366 1135 1102 1310 1077 1945 
26 130 1161 1835 1709 1290 1361 1418 1676 1152 1643 1725 1305 1416 1253 1167 1262 1948 1009 1594 1655 1788 1749 1517 1098 1403 1768 1453 1511 1771 1299 1457 1267 1938 1262 1872 1026 1931 1645 1120 1658 1214 1340 1160 1875 1386 1846 1114 1976 1070 1224 1512 1715 1444 1126 1342 1814 1821 1679 1512 1157 1187 1503 1935 1203 1097 1645 1844 1638 1839 1707 1526 1802 1272 1959 1121 1928 1248 1709 1637 1713 1011 1707 1846 1260 1503 1885 1208 1923 1950 1190 1491 1080 1672 1802 1232 1372 1492 1526 1704 1431 1666 1623 1534 1642 1738 1873 1644 1952 1225 1148 1658 1275 1535 1275 1434 1511 1032 1470 1888 1715 1649 1132 1746 1455 1953 1262 1399 1872 1073 1306 1507 1493 1398 1688 1515 1316 1445 1833 1729 1198 1811 1935 1115 1090 1605 1279 1472 1133 1283 1377 1145 1157 1267 1710 1919 1612 1288 1357 1265 1460 1821 1287 1586 1070 1551 1600 1620 1619 1258 1494 1657 1074 1031 1245 1731 1242 1221 1979 1435 1951 1037 1508 1519 1872 1185 1032 1930 1036 1469 1965 1445 1549 1749 1683 1560 1560 1173 1465 1782 1004 1071 1419 1989 1146 1440 1660 1010 1472 1411 1537 1081 1941 1610 1172 1335 1140 1813 1115 1981 1373 1816 1372 1331 1207 1903 1609 1325 1522 1844 1795 1715 1577 1812 1077 1569 1134 1126 1170 1236 1177 1234 1025 1448 1241 1845 1085 1697 1897 1595 1881 1557 
27 141 1549 1431 1190 1593 1204 1393 1075 1649 1235 1781 1503 1549 1124 1726 1399 1851 1316 1674 1519 1570 1017 1592 1661 1265 1791 1511 1182 1270 1100 1159 1356 1091 1060 1669 1675 1508 1915 1103 1440 1844 1520 1915 1706 1168 1474 1408 1782 1420 1854 1139 1119 1367 1491 1735 1004 1157 1422 1131 1952 1756 1706 1785 1216 1057 1226 1869 1307 1929 1657 1001 1944 1001 1248 1524 1332 1455 1571 1877 1176 1604 1902 1085 1339 1546 1384 1901 1545 1679 1622 1621 1041 1335 1888 1124 1621 1344 1564 1149 1913 1788 1001 1349 1344 1736 1440 1149 1683 1240 1155 1947 1571 1367 1474 1682 1945 1557 1825 1301 1755 1088 1485 1155 1895 1917 1165 1869 1740 1694 1097 1691 1198 1222 1784 1878 1693 1143 1063 1136 1972 1135 1637 1641 1152 1404 1731 1690 1905 1739 1043 1495 1201 1930 1620 1159 1492 1818 1837 1369 1773 1756 1128 1832 1397 1775 1628 1979 1073 1222 1368 1988 1942 1161 1206 1637 1133 1317 1120 1025 1722 1838 1051 1700 1482 1659 1916 1212 1341 1762 1984 1632 1952 1085 1244 1066 1277 1396 1934 1695 1600 1879 1885 1364 1868 1743 1834 1269 1763 1615 1366 1760 1428 1007 1639 1790 1229 1635 1544 1051 1483 1877 1469 1318 1540 1143 1310 1046 1136 1441 1885 1729 1419 1927 1425 1077 1555 1714 1275 1527 1320 1712 1476 1123 1586 1805 1381 1294 1102 1124 1957 1568 
28 148 1166 1188 1981 1086 1080 1903 1678 1878 1399 1328 1746 1842 1151 1857 1274 1189 1435 1021 1377 1855 1585 1320 1368 1669 1692 1771 1270 1700 1937 1748 1831 1296 1474 1577 1804 1671 1445 1437 1708 1086 1082 1099 1342 1311 1063 1059 1114 1927 1739 1500 1291 1197 1632 1398 1795 1297 1888 1814 1460 1172 1812 1895 1151 1818 1165 1622 1641 1255 1359 1835 1673 1981 1229 1557 1096 1181 1514 1167 1487 1488 1723 1432 1170 1555 1528 1944 1030 1233 1352 1993 1033 1640 1301 1391 1856 1889 1093 1302 1539 1768 1154 1591 1556 1142 1523 1735 1216 1374 1725 1810 1809 1529 1281 1615 1380 1655 1987 1431 1565 1916 1647 1467 1372 1859 1391 1523 1335 1596 1250 1891 1921 1190 1138 1034 1626 1008 1899 1071 1635 1346 1574 1604 1486 1087 1543 1905 1610 1682 1706 1012 1183 1238 1348 1753 1173 1989 1850 1235 1006 1931 1908 1821 1742 1907 1400 1144 1185 1923 1577 1163 1814 1963 1719 1821 1951 1110 1923 1311 1080 1226 1165 1499 1705 1996 1314 1526 1665 1597 1230 1126 1319 1791 1621 1681 1487 1714 1810 1561 1568 1137 1055 1763 1746 1493 1603 1389 1671 1448 1116 1999 1541 1284 1626 1358 1977 1893 1686 1616 1606 1656 1861 1453 1758 1984 1226 1215 1172 1810 1020 1581 1138 1806 1113 1778 1956 1613 1447 1891 1144 1860 1098 1292 1276 1256 1131 1713 1881 1538 1884 1010 
29 128 1611 1375 1654 1158 1309 1228 1400 1233 1968 1644 1245 1155 1718 1451 1463 1492 1580 1823 1689 1388 1316 1450 1973 1713 1951 1299 1100 1937 1544 1855 1128 1834 1219 1837 1324 1346 1800 1463 1154 1291 1993 1814 1273 1500 1404 1253 1568 1897 1010 1126 1668 1098 1954 1503 1344 1327 1447 1612 1850 1529 1048 1107 1720 1091 1114 1853 1064 1089 1696 1352 1889 1454 1668 1501 1470 1966 1356 1807 1318 1490 1468 1737 1763 1352 1591 1347 1686 1259 1043 1852 1435 1685 1359 1292 1453 1106 1192 1953 1649 1011 1917 1684 1049 1085 1705 1798 1745 1470 1363 1675 1693 1515 1712 1752 1368 1914 1790 1048 1832 1650 1655 1869 1222 1639 1075 1866 1209 1484 1885 1096 1448 1253 1287 1235 1554 1674 1886 1610 1633 1665 1726 1202 1902 1594 1124 1272 1430 1192 1577 1775 1529 1505 1515 1210 1820 1806 1199 1066 1525 1864 1527 1525 1987 1490 1037 1562 1982 1742 1899 1124 1822 1729 1153 1518 1810 1380 1994 1678 1053 1125 1386 1476 1182 1862 1766 1702 1999 1133 1144 1912 1594 1915 1361 1762 1947 1924 1804 1006 1563 1841 1338 1809 1159 1375 1756 1531 1940 1559 1518 1634 1498 1182 1058 1879 1852 1786 1455 1454 1682 1097 1724 1203 1267 1338 1536 1611 1167 1292 1631 1685 1189 1553 1702 1413 1646 1848 1056 1932 1470 1846 1796 1085 1179 1366 1839 1497 1256 1378 1534 1855 
30 195 1969 1677 1756 1496 1332 1724 1342 1928 1933 1035 1345 1323 1878 1967 1933 1747 1265 1575 1898 1291 1644 1104 1731 1652 1187 1457 1159 1748 1855 1709 1163 1521 1049 1864 1107 1157 1641 1861 1966 1502 1402 1494 1399 1966 1441 1920 1979 1194 1233 1988 1838 1256 1671 1207 1382 1622 1767 1767 1865 1577 1039 1507 1090 1228 1103 1255 1036 1767 1520 1429 1668 1140 1406 1309 1742 1782 1859 1899 1857 1569 1720 1765 1557 1654 1701 1771 1744 1327 1415 1114 1211 1572 1342 1563 1541 1467 1248 1307 1188 1088 1110 1325 1996 1063 1057 1675 1948 1452 1372 1622 1429 1093 1079 1986 1774 1068 1155 1651 1393 1466 1886 1613 1246 1073 1408 1481 1957 1165 1958 1844 1339 1049 1876 1409 1619 1515 1870 1301 1144 1851 1605 1456 1839 1579 1111 1491 1216 1567 1074 1975 1197 1676 1521 1488 1548 1596 1942 1394 1186 1027 1365 1724 1168 1861 1435 1074 1612 1525 1015 1925 1360 1135 1343 1301 1638 1626 1276 1155 1515 1502 1655 1400 1437 1374 1320 1992 1601 1938 1806 1967 1482 1541 1255 1834 1261 1015 1564 1242 1456 1899 1318 1319 1536 1740 1526 1589 1784 1612 1690 1879 1212 1506 1252 1113 1794 1759 1935 1414 1797 1174 1018 1398 1506 1976 1072 1094 1111 1284 1194 1369 1037 1227 1262 1285 1513 1385 1248 1282 1640 1696 1124 1599 1752 1491 1375 1836 1360 1810 1679 1069 
31 143 1575 1987 1815 1688 1793 1218 1574 1409 1962 1716 1914 1934 1914 1247 1476 1656 1475 1292 1920 1586 1122 1550 1975 1603 1238 1267 1356 1831 1128 1163 1664 1752 1413 1324 1382 1917 1453 1116 1721 1415 1439 1649 1879 1985 1655 1044 1068 1763 1873 1976 1818 1006 1281 1486 1652 1691 1820 1630 1288 1519 1308 1710 1047 1338 1273 1409 1589 1546 1894 1581 1662 1469 1969 1991 1006 1284 1295 1785 1070 1479 1386 1967 1702 1421 1922 1673 1464 1022 1847 1508 1736 1076 1511 1741 1246 1263 1766 1641 1211 1369 1430 1718 1724 1759 1008 1169 1542 1608 1101 1297 1953 1961 1377 1197 1849 1108 1550 1477 1686 1347 1230 1301 1476 1632 1088 1540 1461 1169 1215 1304 1642 1458 1104 1644 1803 1840 1135 1694 1201 1067 1998 1050 1559 1929 1935 1654 1544 1466 1227 1969 1356 1800 1816 1726 1615 1122 1482 1029 1178 1856 1473 1091 1056 1535 1993 1382 1080 1425 1460 1486 1478 1424 1945 1420 1014 1261 1676 1733 1853 1546 1041 1124 1792 1673 1979 1903 1036 1138 1168 1037 1160 1279 1923 1099 1409 1983 1202 1864 1013 1385 1626 1868 1649 1099 1933 1688 1723 1991 1752 1234 1623 1058 1117 1827 1596 1414 1628 1360 1409 1928 1650 1299 1454 1550 1481 1832 1440 1838 1870 1923 1345 1745 1805 1571 1773 1168 1981 1041 1372 1307 1842 1364 1482 1367 1607 1867 1649 1626 1200 1031 
