FILE: gs250a-3
250 250 0
1 124 1075 1250 1317 1130 1781 1674 1611 1983 1723 1232 1131 1802 1239 1430 1303 1992 1575 1653 1101 1718 1450 1588 1421 1934 1608 1709 1246 1985 1619 1978 1160 1201 1733 1427 1232 1383 1043 1776 1788 1588 1765 1735 1130 1114 1893 1155 1709 1101 1023 1680 1793 1654 1629 1054 1162 1876 1555 1753 1858 1749 1032 1070 1529 1235 1978 1349 1379 1528 1867 1480 1283 1857 1960 1349 1076 1736 1164 1381 1552 1083 1310 1827 1218 1102 1130 1968 1310 1340 1706 1880 1126 1825 1686 1920 1192 1691 1038 1587 1299 1190 1626 1922 1939 1512 1387 1091 1173 1303 1400 1315 1463 1294 1614 1806 1496 1955 1528 1857 1536 1564 1592 1748 1331 1612 1631 1622 1109 1941 1046 1992 1691 1527 1096 1021 1255 1310 1030 1256 1785 1979 1356 1944 1729 1121 1023 1607 1902 1635 1804 1028 1166 1819 1652 1292 1915 1040 1326 1056 1897 1389 1041 1695 1407 1228 1462 1475 1383 1036 1781 1422 1427 1462 1192 1036 1293 1985 1528 1503 1868 1098 1344 1571 1184 1408 1230 1731 1473 1572 1632 1882 1825 1469 1969 1110 1458 1512 1313 1762 1136 1508 1435 1447 1775 1979 1474 1142 1755 1336 1029 1049 1983 1829 1943 1356 1227 1663 1575 1564 1756 1201 1821 1538 1823 1648 1681 1932 1010 1131 1647 1145 1981 1575 1698 1470 1659 1289 1176 1593 1372 1655 1329 1079 1991 1844 1799 1034 1591 1949 1845 1572 
2 167 1250 1452 1569 1249 1474 1423 1935 1136 1386 1367 1864 1665 1040 1117 1178 1915 1065 1682 1677 1501 1056 1455 1141 1709 1792 1692 1519 1039 1228 1663 1102 1816 1291 1381 1957 1016 1020 1322 1396 1980 1064 1034 1776 1146 1094 1046 1391 1482 1136 1981 1762 1761 1375 1281 1082 1338 1443 1452 1113 1585 1744 1230 1314 1639 1829 1574 1474 1625 1356 1905 1635 1002 1679 1477 1595 1192 1577 1304 1759 1155 1172 1537 1622 1047 1554 1707 1675 1645 1157 1735 1001 1666 1405 1109 1358 1666 1664 1151 1014 1640 1036 1764 1127 1021 1023 1572 1945 1191 1583 1864 1611 1199 1627 1234 1856 1816 1475 1341 1350 1589 1305 1682 1006 1061 1130 1790 1015 1802 1329 1761 1880 1410 1269 1520 1257 1138 1043 1727 1852 1308 1858 1733 1182 1161 1113 1489 1468 1305 1674 1821 1444 1412 1411 1967 1360 1325 1495 1793 1972 1234 1515 1585 1778 1061 1921 1828 1313 1735 1842 1881 1750 1492 1809 1946 1611 1868 1398 1247 1868 1533 1346 1815 1199 1637 1157 1794 1700 1800 1734 1671 1823 1430 1068 1335 1822 1503 1513 1371 1492 1476 1682 1502 1479 1474 1496 1572 1947 1428 1406 1987 1873 1301 1339 1024 1764 1067 1381 1898 1068 1604 1735 1006 1069 1139 1989 1254 1531 1428 1223 1867 1894 1305 1978 1594 1286 1764 1635 1708 1143 1231 1217 1717 1705 1188 1162 1181 1193 1789 1079 1547 
3 191 1317 1569 1639 1043 1413 1116 1392 1437 1117 1832 1307 1885 1062 1528 1448 1302 1687 1824 1654 1600 1485 1058 1949 1069 1978 1995 1559 1974 1047 1448 1168 1400 1538 1095 1590 1860 1539 1278 1500 1727 1231 1056 1393 1990 1735 1308 1413 1384 1846 1150 1217 1421 1065 1457 1533 1353 1841 1776 1556 1596 1417 1396 1852 1651 1201 1871 1918 1044 1059 1772 1057 1330 1431 1943 1720 1685 1696 1055 1987 1108 1666 1731 1310 1783 1640 1015 1218 1619 1909 1492 1105 1502 1116 1811 1771 1296 1397 1912 1871 1107 1682 1724 1936 1873 1087 1637 1105 1773 1785 1496 1239 1515 1272 1437 1567 1028 1434 1307 1519 1572 1316 1989 1913 1824 1001 1373 1133 1953 1517 1290 1474 1221 1148 1166 1294 1139 1099 1688 1144 1712 1876 1263 1522 1804 1324 1546 1405 1155 1702 1821 1231 1073 1727 1523 1466 1347 1961 1668 1431 1399 1484 1488 1535 1213 1227 1035 1567 1068 1896 1056 1216 1619 1872 1897 1467 1328 1008 1742 1024 1818 1731 1945 1431 1141 1339 1752 1033 1517 1913 1189 1438 1566 1752 1392 1644 1563 1722 1176 1472 1757 1442 1102 1479 1264 1706 1841 1986 1597 1045 1115 1403 1329 1838 1977 1480 1950 1879 1745 1665 1433 1810 1333 1207 1541 1309 1296 1170 1413 1466 1339 1011 1456 1230 1597 1875 1077 1347 1450 1276 1277 1687 1161 1303 1653 1371 1121 1015 1830 1608 1973 
4 119 1130 1249 1043 1851 1631 1407 1074 1569 1669 1898 1266 1555 1322 1179 1462 1575 1284 1716 1125 1141 1790 1979 1811 1190 1715 1783 1266 1415 1712 1487 1960 1267 1314 1317 1228 1184 1391 1621 1655 1050 1882 1305 1865 1443 1187 1261 1387 1679 1160 1043 1733 1196 1065 1594 1349 1316 1444 1290 1615 1894 1271 1089 1515 1905 1319 1061 1166 1499 1134 1092 1847 1542 1526 1029 1679 1184 1989 1052 1631 1488 1946 1565 1982 1641 1232 1365 1929 1790 1719 1397 1456 1025 1492 1851 1165 1542 1477 1897 1182 1523 1934 1845 1830 1758 1712 1987 1206 1542 1684 1929 1316 1879 1259 1677 1940 1526 1380 1270 1868 1902 1915 1226 1675 1401 1847 1600 1674 1133 1171 1923 1230 1635 1899 1809 1064 1566 1082 1504 1721 1936 1263 1172 1848 1886 1250 1181 1452 1562 1633 1190 1770 1101 1940 1303 1938 1270 1843 1071 1089 1791 1317 1644 1050 1874 1166 1821 1291 1993 1810 1312 1282 1443 1747 1969 1915 1699 1600 1283 1146 1115 1145 1916 1515 1989 1233 1562 1694 1536 1015 1906 1737 1783 1361 1969 1160 1933 1906 1622 1533 1221 1599 1546 1728 1797 1187 1415 1484 1664 1520 1597 1433 1205 1099 1143 1266 1328 1765 1344 1174 1761 1931 1650 1227 1533 1280 1215 1859 1161 1317 1863 1093 1587 1685 1751 1681 1385 1666 1509 1805 1282 1754 1143 1503 1511 1713 1473 1470 1033 1035 1396 
5 138 1781 1474 1413 1631 1162 1190 1759 1448 1622 1585 1105 1230 1566 1632 1096 1558 1586 1835 1875 1540 1253 1300 1159 1407 1213 1577 1348 1328 1367 1233 1413 1850 1176 1077 1869 1126 1611 1422 1590 1572 1786 1315 1769 1134 1809 1114 1784 1794 1868 1347 1274 1490 1102 1234 1176 1103 1270 1794 1042 1660 1764 1938 1379 1415 1987 1454 1322 1964 1638 1289 1411 1051 1917 1041 1741 1216 1208 1057 1295 1947 1242 1050 1710 1494 1291 1644 1280 1986 1426 1743 1465 1035 1348 1138 1690 1453 1851 1261 1721 1257 1429 1483 1392 1619 1066 1867 1963 1900 1740 1786 1901 1449 1668 1306 1352 1297 1833 1740 1097 1430 1806 1292 1261 1768 1422 1173 1573 1533 1308 1125 1437 1141 1826 1728 1613 1291 1437 1427 1784 1394 1034 1659 1783 1008 1268 1005 1774 1427 1398 1761 1156 1091 1695 1841 1482 1956 1946 1417 1163 1506 1057 1203 1248 1532 1328 1779 1059 1362 1392 1885 1957 1683 1379 1062 1027 1615 1317 1571 1956 1191 1312 1976 1898 1904 1533 1320 1585 1477 1534 1273 1497 1504 1951 1183 1336 1129 1088 1423 1619 1410 1448 1939 1643 1538 1717 1416 1625 1545 1246 1958 1287 1678 1559 1690 1664 1090 1914 1192 1433 1991 1460 1175 1521 1941 1000 1286 1294 1411 1918 1476 1092 1295 1280 1816 1408 1509 1649 1171 1476 1350 1644 1652 1557 1759 1776 1234 1706 1145 1592 1451 
6 129 1674 1423 1116 1407 1190 1938 1650 1590 1088 1511 1370 1263 1116 1641 1285 1789 1180 1155 1719 1274 1226 1925 1431 1808 1386 1866 1255 1670 1969 1085 1261 1973 1180 1852 1475 1620 1851 1540 1689 1014 1955 1190 1384 1396 1205 1859 1312 1241 1493 1411 1749 1606 1475 1901 1974 1840 1064 1210 1979 1560 1126 1089 1962 1303 1149 1272 1627 1757 1178 1801 1817 1978 1787 1235 1521 1499 1370 1890 1778 1743 1547 1767 1516 1631 1941 1330 1849 1811 1129 1778 1874 1400 1041 1986 1490 1651 1582 1748 1270 1447 1768 1504 1931 1039 1153 1184 1415 1918 1827 1338 1120 1239 1765 1206 1317 1704 1815 1887 1279 1298 1104 1251 1153 1803 1132 1769 1106 1475 1353 1904 1780 1810 1514 1216 1585 1790 1532 1857 1858 1527 1196 1589 1429 1702 1473 1993 1607 1707 1696 1028 1146 1906 1420 1588 1185 1909 1224 1217 1732 1265 1245 1645 1692 1494 1718 1283 1987 1852 1306 1355 1798 1736 1506 1811 1453 1136 1908 1674 1000 1056 1588 1991 1987 1274 1411 1030 1496 1391 1547 1887 1944 1541 1946 1159 1694 1682 1087 1834 1002 1880 1764 1060 1338 1481 1189 1951 1598 1580 1210 1076 1261 1697 1900 1794 1995 1071 1322 1101 1767 1455 1738 1119 1975 1856 1048 1914 1633 1085 1735 1778 1154 1558 1101 1635 1738 1234 1087 1741 1924 1099 1426 1308 1316 1109 1450 1238 1021 1996 1300 1604 
7 183 1611 1935 1392 1074 1759 1650 1835 1841 1031 1713 1792 1054 1658 1511 1946 1180 1805 1618 1602 1421 1025 1414 1996 1445 1690 1148 1794 1510 1759 1244 1301 1460 1904 1570 1783 1400 1624 1701 1799 1305 1527 1703 1965 1368 1423 1487 1040 1350 1388 1231 1760 1730 1456 1939 1299 1916 1090 1643 1793 1320 1102 1283 1812 1561 1155 1806 1193 1584 1529 1508 1144 1986 1289 1148 1019 1304 1519 1874 1674 1577 1780 1481 1809 1943 1434 1042 1206 1560 1017 1439 1259 1624 1288 1825 1715 1786 1134 1546 1022 1719 1965 1565 1201 1145 1780 1905 1633 1080 1541 1145 1683 1599 1014 1517 1561 1881 1748 1608 1314 1840 1323 1222 1385 1093 1552 1418 1611 1578 1766 1265 1094 1579 1862 1337 1828 1451 1248 1487 1513 1823 1362 1926 1438 1560 1908 1140 1855 1271 1467 1678 1747 1628 1645 1334 1393 1305 1407 1770 1636 1784 1758 1095 1266 1844 1429 1441 1419 1979 1717 1065 1401 1563 1138 1000 1837 1013 1058 1811 1564 1744 1943 1449 1164 1202 1401 1772 1540 1745 1650 1740 1454 1660 1597 1823 1426 1099 1159 1655 1897 1208 1996 1465 1066 1239 1305 1308 1310 1914 1841 1644 1593 1842 1808 1275 1753 1246 1788 1192 1111 1804 1358 1347 1262 1864 1552 1892 1494 1837 1824 1909 1715 1027 1674 1170 1310 1693 1582 1945 1822 1626 1418 1412 1874 1008 1974 1667 1234 1850 1787 1904 
8 142 1983 1136 1437 1569 1448 1590 1841 1779 1891 1765 1787 1465 1673 1402 1419 1458 1478 1292 1860 1728 1122 1319 1967 1677 1968 1164 1864 1920 1729 1541 1376 1596 1637 1290 1859 1510 1159 1876 1828 1874 1888 1324 1290 1934 1792 1110 1183 1265 1456 1048 1847 1010 1490 1706 1901 1847 1743 1373 1461 1972 1495 1118 1094 1863 1272 1967 1410 1129 1445 1730 1704 1197 1270 1511 1559 1151 1520 1428 1800 1471 1375 1579 1726 1980 1713 1785 1008 1766 1470 1137 1170 1363 1221 1881 1058 1974 1636 1677 1200 1015 1970 1747 1462 1766 1239 1969 1916 1401 1252 1424 1314 1191 1132 1439 1076 1149 1503 1661 1215 1902 1991 1176 1077 1083 1191 1229 1327 1998 1768 1554 1074 1884 1837 1861 1545 1501 1280 1496 1215 1376 1163 1823 1799 1451 1906 1344 1007 1436 1357 1099 1481 1632 1430 1368 1802 1525 1469 1213 1993 1914 1988 1891 1410 1857 1934 1666 1428 1232 1156 1049 1840 1174 1209 1007 1363 1181 1158 1162 1161 1164 1550 1520 1794 1235 1193 1746 1492 1492 1904 1543 1178 1603 1895 1134 1113 1462 1926 1409 1614 1693 1915 1738 1705 1299 1127 1012 1144 1215 1629 1919 1712 1066 1142 1998 1175 1901 1967 1500 1831 1190 1124 1584 1034 1856 1372 1888 1624 1632 1264 1994 1641 1525 1884 1831 1257 1662 1437 1532 1310 1297 1341 1797 1363 1277 1970 1269 1677 1723 1719 1976 
9 102 1723 1386 1117 1669 1622 1088 1031 1891 1234 1537 1359 1748 1367 1583 1912 1911 1707 1176 1984 1076 1275 1670 1753 1474 1578 1438 1918 1063 1076 1599 1133 1350 1341 1656 1719 1383 1702 1700 1676 1830 1641 1334 1544 1535 1739 1972 1122 1477 1435 1673 1594 1519 1396 1165 1084 1865 1771 1212 1175 1634 1105 1988 1423 1440 1207 1600 1395 1407 1743 1439 1259 1508 1840 1488 1476 1643 1479 1265 1592 1353 1967 1548 1698 1598 1248 1539 1560 1470 1371 1622 1965 1285 1848 1374 1317 1931 1232 1987 1997 1895 1660 1749 1539 1871 1662 1751 1143 1349 1003 1468 1549 1104 1862 1374 1825 1976 1098 1245 1074 1861 1911 1310 1608 1312 1670 1905 1622 1652 1177 1779 1884 1024 1172 1722 1487 1254 1345 1658 1192 1964 1630 1871 1379 1824 1085 1506 1162 1345 1116 1016 1675 1141 1335 1703 1078 1039 1846 1010 1301 1965 1209 1722 1069 1002 1904 1732 1231 1526 1534 1525 1927 1830 1587 1043 1624 1140 1009 1080 1551 1430 1381 1867 1570 1943 1990 1006 1006 1823 1555 1399 1473 1760 1905 1343 1222 1069 1387 1436 1054 1087 1281 1448 1307 1317 1008 1835 1980 1208 1409 1013 1488 1984 1879 1095 1118 1433 1631 1207 1679 1052 1884 1063 1413 1461 1244 1950 1671 1495 1059 1769 1395 1868 1042 1307 1948 1831 1931 1378 1301 1718 1471 1003 1130 1796 1499 1276 1838 1308 1416 1074 
10 104 1232 1367 1832 1898 1585 1511 1713 1765 1537 1146 1826 1276 1555 1023 1613 1632 1396 1583 1264 1950 1850 1330 1681 1759 1120 1805 1303 1086 1598 1890 1784 1531 1288 1681 1039 1270 1405 1795 1914 1159 1693 1554 1278 1591 1486 1931 1807 1258 1039 1665 1253 1479 1172 1469 1469 1246 1752 1705 1974 1654 1036 1475 1344 1857 1427 1489 1203 1216 1647 1653 1097 1791 1890 1759 1046 1844 1950 1201 1023 1482 1893 1107 1181 1135 1270 1807 1080 1990 1428 1030 1704 1058 1939 1756 1555 1024 1671 1101 1599 1535 1553 1172 1345 1085 1544 1273 1841 1150 1848 1382 1868 1735 1910 1304 1112 1981 1207 1400 1597 1994 1390 1307 1156 1554 1784 1545 1225 1855 1800 1427 1744 1930 1264 1175 1442 1933 1224 1641 1280 1908 1238 1553 1353 1232 1698 1683 1015 1359 1205 1837 1509 1042 1532 1097 1901 1681 1208 1188 1568 1954 1250 1411 1061 1385 1081 1013 1580 1010 1155 1438 1887 1797 1331 1326 1898 1968 1520 1702 1764 1894 1641 1236 1711 1700 1409 1990 1415 1259 1001 1562 1208 1708 1113 1025 1876 1164 1457 1571 1358 1773 1217 1270 1093 1776 1497 1840 1326 1720 1297 1851 1142 1491 1048 1245 1503 1315 1230 1609 1083 1388 1110 1074 1170 1285 1136 1276 1426 1813 1006 1265 1779 1460 1950 1776 1232 1088 1263 1771 1868 1045 1606 1650 1836 1337 1117 1046 1593 1015 1859 1607 
11 119 1131 1864 1307 1266 1105 1370 1792 1787 1359 1826 1450 1640 1662 1889 1631 1725 1199 1850 1161 1493 1040 1254 1088 1545 1625 1548 1254 1309 1321 1162 1283 1678 1652 1440 1900 1693 1352 1094 1710 1820 1669 1940 1109 1850 1796 1205 1478 1941 1863 1196 1314 1845 1374 1599 1459 1853 1517 1190 1079 1475 1228 1249 1554 1403 1439 1454 1930 1778 1405 1527 1090 1289 1511 1427 1310 1157 1478 1364 1336 1499 1365 1418 1665 1140 1277 1038 1154 1380 1184 1211 1649 1754 1756 1581 1760 1326 1627 1285 1456 1530 1981 1816 1627 1102 1881 1661 1277 1133 1241 1019 1498 1775 1837 1374 1883 1616 1289 1199 1534 1288 1389 1574 1329 1297 1706 1012 1583 1649 1861 1246 1791 1265 1384 1295 1574 1748 1557 1557 1519 1508 1147 1229 1037 1796 1440 1831 1920 1666 1481 1118 1745 1396 1926 1146 1767 1411 1405 1804 1488 1228 1818 1555 1527 1454 1453 1702 1967 1374 1349 1936 1823 1165 1792 1458 1807 1250 1365 1461 1012 1837 1457 1236 1710 1178 1621 1701 1893 1560 1715 1626 1720 1579 1206 1338 1540 1722 1556 1182 1619 1783 1098 1523 1260 1147 1302 1579 1445 1477 1838 1843 1672 1837 1349 1402 1136 1767 1329 1918 1915 1361 1027 1552 1306 1870 1765 1627 1984 1855 1592 1285 1129 1435 1676 1954 1179 1650 1335 1868 1367 1477 1113 1460 1696 1526 1824 1869 1512 1948 1940 1383 
12 132 1802 1665 1885 1555 1230 1263 1054 1465 1748 1276 1640 1592 1265 1063 1053 1930 1265 1358 1296 1792 1992 1969 1874 1445 1987 1765 1214 1029 1079 1010 1773 1903 1477 1704 1163 1922 1077 1299 1105 1167 1373 1590 1900 1184 1883 1046 1550 1239 1509 1376 1194 1628 1719 1598 1015 1584 1966 1404 1277 1793 1254 1095 1642 1068 1247 1872 1430 1199 1838 1757 1965 1522 1577 1936 1689 1225 1866 1794 1169 1937 1329 1432 1678 1617 1265 1941 1491 1281 1578 1222 1563 1610 1111 1619 1736 1937 1772 1167 1137 1688 1364 1717 1924 1769 1534 1727 1028 1960 1731 1006 1060 1820 1591 1181 1027 1165 1656 1175 1024 1620 1822 1476 1547 1300 1434 1484 1595 1134 1432 1699 1207 1874 1446 1057 1595 1322 1258 1174 1535 1789 1527 1789 1156 1339 1190 1187 1804 1839 1448 1881 1118 1342 1725 1332 1988 1844 1535 1999 1545 1938 1639 1483 1840 1402 1406 1063 1371 1249 1793 1394 1107 1268 1832 1654 1173 1600 1053 1919 1853 1358 1727 1048 1057 1842 1347 1860 1923 1376 1260 1880 1689 1286 1835 1443 1522 1070 1096 1428 1428 1274 1213 1411 1922 1112 1758 1519 1603 1370 1138 1751 1296 1600 1111 1071 1907 1174 1780 1036 1671 1187 1985 1248 1913 1769 1494 1406 1015 1833 1901 1247 1721 1778 1626 1155 1441 1190 1946 1709 1726 1066 1435 1965 1539 1600 1752 1751 1515 1048 1146 1745 
13 183 1239 1040 1062 1322 1566 1116 1658 1673 1367 1555 1662 1265 1725 1616 1630 1885 1636 1122 1106 1368 1803 1735 1027 1988 1800 1170 1463 1406 1527 1569 1954 1598 1767 1965 1750 1270 1545 1329 1295 1509 1829 1598 1774 1294 1593 1594 1961 1054 1790 1254 1185 1907 1248 1046 1677 1748 1032 1014 1075 1839 1305 1331 1392 1058 1204 1779 1198 1456 1783 1055 1317 1298 1538 1321 1820 1214 1552 1888 1580 1649 1794 1458 1190 1240 1592 1810 1513 1301 1825 1358 1642 1045 1862 1469 1566 1727 1766 1961 1311 1347 1815 1673 1837 1073 1853 1531 1484 1038 1519 1000 1233 1680 1864 1334 1575 1259 1414 1538 1260 1728 1184 1434 1718 1607 1693 1749 1425 1006 1499 1625 1994 1473 1300 1458 1280 1806 1109 1476 1274 1493 1564 1960 1074 1941 1873 1510 1698 1133 1453 1269 1045 1893 1772 1505 1764 1394 1448 1470 1325 1079 1104 1917 1061 1646 1052 1215 1478 1250 1297 1434 1606 1586 1918 1335 1661 1004 1351 1650 1826 1315 1599 1574 1404 1438 1908 1865 1148 1552 1934 1459 1028 1910 1939 1014 1230 1959 1043 1282 1672 1939 1062 1715 1799 1604 1965 1217 1959 1225 1484 1444 1130 1539 1904 1558 1280 1788 1566 1840 1144 1510 1114 1079 1701 1243 1017 1125 1127 1786 1400 1528 1504 1190 1708 1660 1079 1118 1246 1234 1340 1739 1113 1618 1690 1820 1571 1853 1019 1151 1378 1786 
14 193 1430 1117 1528 1179 1632 1641 1511 1402 1583 1023 1889 1063 1616 1979 1108 1220 1921 1605 1010 1488 1283 1782 1406 1351 1026 1099 1194 1641 1581 1978 1459 1544 1580 1464 1737 1926 1489 1454 1963 1624 1376 1513 1630 1091 1595 1951 1192 1307 1666 1305 1242 1375 1136 1885 1501 1683 1696 1544 1136 1062 1344 1316 1458 1834 1865 1099 1511 1155 1419 1018 1597 1570 1512 1643 1267 1174 1130 1697 1796 1293 1325 1431 1697 1087 1030 1313 1280 1986 1377 1185 1805 1358 1312 1546 1253 1325 1784 1122 1245 1122 1277 1372 1148 1917 1993 1092 1888 1486 1433 1772 1510 1664 1690 1853 1014 1959 1215 1564 1497 1254 1338 1462 1130 1995 1339 1362 1009 1768 1333 1794 1406 1676 1766 1654 1445 1424 1791 1191 1749 1509 1309 1010 1077 1437 1962 1224 1488 1353 1848 1420 1059 1010 1256 1598 1694 1469 1181 1740 1050 1445 1915 1159 1118 1697 1496 1285 1476 1381 1287 1051 1763 1755 1471 1530 1399 1160 1744 1977 1071 1667 1991 1941 1031 1312 1213 1595 1738 1311 1503 1938 1855 1170 1339 1040 1160 1097 1983 1970 1382 1611 1265 1568 1499 1769 1534 1727 1532 1912 1051 1324 1369 1326 1614 1472 1634 1745 1698 1238 1158 1078 1876 1493 1057 1289 1820 1041 1968 1819 1648 1690 1464 1465 1918 1416 1181 1126 1024 1282 1690 1303 1299 1263 1647 1790 1591 1636 1246 1429 1605 1092 
15 150 1303 1178 1448 1462 1096 1285 1946 1419 1912 1613 1631 1053 1630 1108 1363 1777 1225 1449 1677 1979 1548 1634 1835 1820 1711 1176 1829 1842 1052 1689 1432 1369 1154 1241 1477 1313 1568 1826 1548 1705 1338 1399 1013 1236 1505 1998 1788 1589 1234 1979 1742 1843 1729 1907 1152 1734 1580 1131 1116 1043 1712 1563 1327 1906 1585 1711 1105 1324 1799 1481 1120 1642 1766 1784 1679 1297 1605 1492 1007 1600 1904 1748 1422 1848 1532 1190 1805 1531 1122 1095 1275 1930 1416 1995 1478 1878 1097 1783 1393 1969 1294 1845 1059 1997 1388 1246 1137 1902 1300 1512 1703 1007 1897 1019 1188 1832 1687 1545 1863 1257 1448 1993 1782 1320 1963 1835 1586 1433 1495 1294 1075 1292 1173 1807 1948 1271 1953 1788 1632 1571 1283 1236 1594 1911 1158 1207 1041 1042 1704 1688 1423 1867 1947 1905 1646 1437 1936 1589 1384 1626 1863 1239 1419 1741 1339 1912 1401 1869 1491 1568 1939 1230 1024 1498 1427 1320 1913 1884 1513 1131 1876 1994 1618 1219 1290 1069 1409 1909 1697 1420 1633 1418 1568 1769 1222 1172 1474 1363 1064 1104 1314 1900 1363 1211 1777 1789 1979 1149 1669 1780 1667 1158 1277 1491 1606 1080 1429 1876 1140 1772 1389 1146 1129 1677 1259 1189 1815 1847 1042 1015 1614 1196 1016 1256 1741 1253 1577 1256 1062 1219 1213 1779 1100 1587 1761 1865 1582 1121 1599 1875 
16 144 1992 1915 1302 1575 1558 1789 1180 1458 1911 1632 1725 1930 1885 1220 1777 1467 1937 1242 1696 1176 1863 1964 1057 1435 1289 1384 1759 1269 1470 1263 1441 1500 1238 1702 1515 1255 1617 1922 1937 1290 1965 1458 1770 1922 1313 1773 1454 1842 1048 1839 1192 1595 1591 1713 1340 1010 1240 1639 1240 1356 1832 1705 1365 1504 1358 1585 1212 1891 1230 1408 1835 1545 1304 1269 1423 1966 1369 1431 1836 1151 1210 1724 1503 1521 1934 1211 1588 1053 1705 1607 1826 1393 1538 1520 1941 1222 1316 1021 1056 1667 1684 1589 1984 1034 1979 1953 1829 1645 1844 1865 1786 1056 1690 1342 1550 1445 1665 1391 1255 1450 1272 1771 1319 1225 1308 1806 1133 1017 1270 1782 1981 1028 1894 1976 1103 1850 1968 1819 1306 1256 1095 1252 1031 1622 1540 1792 1283 1768 1839 1340 1327 1495 1312 1269 1553 1602 1139 1813 1434 1659 1161 1297 1955 1325 1053 1236 1444 1487 1033 1835 1202 1001 1764 1920 1831 1322 1590 1829 1684 1792 1790 1303 1319 1888 1975 1897 1393 1181 1313 1951 1869 1325 1711 1648 1973 1818 1637 1190 1788 1848 1716 1625 1897 1991 1771 1357 1976 1035 1453 1867 1765 1731 1134 1680 1282 1733 1196 1106 1734 1524 1391 1785 1993 1596 1423 1577 1065 1669 1404 1817 1451 1243 1341 1467 1802 1242 1318 1205 1788 1048 1524 1974 1570 1700 1771 1029 1793 1543 1688 1003 
17 150 1575 1065 1687 1284 1586 1180 1805 1478 1707 1396 1199 1265 1636 1921 1225 1937 1101 1216 1034 1893 1460 1582 1481 1290 1950 1391 1253 1276 1386 1011 1298 1361 1676 1890 1263 1120 1051 1976 1875 1176 1725 1877 1062 1963 1237 1946 1353 1657 1286 1913 1577 1189 1314 1254 1412 1741 1638 1919 1789 1640 1399 1613 1710 1047 1120 1251 1487 1355 1143 1766 1951 1688 1734 1914 1650 1435 1138 1247 1576 1188 1361 1888 1447 1029 1957 1284 1079 1537 1615 1588 1872 1450 1809 1815 1950 1366 1310 1448 1988 1408 1827 1631 1239 1245 1564 1623 1816 1381 1978 1649 1748 1116 1514 1826 1834 1095 1597 1303 1849 1835 1670 1280 1105 1145 1550 1065 1924 1853 1887 1807 1034 1727 1014 1092 1433 1017 1957 1027 1744 1505 1893 1991 1601 1492 1838 1696 1083 1599 1848 1718 1742 1817 1501 1159 1250 1695 1962 1592 1192 1076 1397 1938 1049 1289 1021 1447 1882 1202 1562 1430 1772 1044 1426 1894 1526 1400 1335 1747 1697 1284 1729 1720 1437 1701 1707 1669 1222 1602 1792 1408 1972 1635 1294 1729 1614 1603 1570 1778 1594 1033 1934 1416 1394 1764 1528 1758 1567 1954 1910 1509 1334 1425 1667 1282 1268 1733 1798 1537 1093 1897 1191 1304 1136 1159 1938 1354 1465 1709 1791 1947 1230 1774 1535 1853 1260 1963 1553 1768 1424 1301 1377 1796 1809 1827 1493 1157 1226 1193 1187 1768 
18 109 1653 1682 1824 1716 1835 1155 1618 1292 1176 1583 1850 1358 1122 1605 1449 1242 1216 1145 1720 1855 1215 1310 1595 1263 1494 1180 1219 1598 1109 1718 1731 1888 1177 1471 1263 1886 1457 1616 1454 1698 1093 1828 1446 1879 1957 1389 1196 1651 1607 1441 1342 1415 1393 1780 1436 1190 1752 1117 1796 1157 1205 1190 1796 1950 1109 1648 1828 1859 1679 1109 1766 1592 1313 1297 1171 1763 1764 1664 1050 1757 1175 1409 1430 1120 1513 1293 1539 1151 1442 1154 1870 1829 1150 1547 1910 1749 1176 1386 1821 1212 1760 1019 1845 1131 1752 1633 1719 1908 1607 1389 1883 1935 1495 1210 1761 1887 1074 1604 1891 1441 1928 1458 1194 1602 1231 1178 1160 1277 1651 1108 1223 1255 1026 1616 1129 1254 1851 1766 1547 1190 1100 1968 1735 1318 1422 1530 1519 1415 1229 1500 1381 1638 1726 1724 1930 1245 1392 1501 1537 1807 1969 1768 1422 1075 1461 1203 1962 1178 1204 1160 1519 1269 1516 1836 1551 1320 1964 1589 1293 1183 1790 1799 1807 1601 1510 1181 1643 1309 1233 1967 1941 1891 1715 1853 1209 1544 1702 1113 1594 1402 1565 1806 1905 1586 1783 1458 1182 1634 1289 1140 1081 1452 1224 1349 1871 1468 1112 1587 1308 1123 1009 1058 1176 1367 1636 1378 1785 1313 1046 1710 1181 1706 1842 1231 1380 1364 1484 1333 1386 1237 1719 1464 1285 1266 1653 1030 1184 1663 1518 1232 
19 130 1101 1677 1654 1125 1875 1719 1602 1860 1984 1264 1161 1296 1106 1010 1677 1696 1034 1720 1801 1633 1286 1954 1349 1632 1892 1756 1814 1444 1391 1787 1154 1099 1491 1027 1604 1861 1988 1829 1386 1732 1376 1713 1446 1858 1754 1262 1886 1869 1939 1411 1237 1674 1196 1892 1236 1759 1475 1133 1262 1503 1581 1379 1087 1558 1171 1334 1091 1810 1984 1081 1618 1963 1220 1580 1599 1275 1463 1526 1122 1467 1060 1827 1106 1357 1363 1514 1707 1230 1737 1334 1653 1487 1740 1834 1129 1595 1390 1197 1392 1884 1911 1618 1755 1205 1872 1509 1109 1994 1131 1305 1636 1765 1479 1149 1863 1562 1394 1249 1721 1416 1819 1185 1762 1317 1357 1934 1188 1744 1799 1915 1853 1292 1392 1823 1896 1404 1740 1527 1144 1765 1764 1834 1973 1375 1611 1379 1747 1827 1926 1434 1521 1842 1395 1915 1148 1568 1952 1364 1448 1695 1579 1197 1602 1900 1081 1986 1423 1664 1763 1067 1653 1993 1397 1253 1961 1066 1402 1929 1776 1346 1630 1311 1629 1189 1669 1162 1150 1474 1078 1721 1378 1294 1440 1156 1549 1229 1662 1302 1000 1245 1410 1969 1365 1737 1099 1609 1709 1760 1332 1614 1751 1968 1205 1030 1849 1295 1377 1969 1888 1923 1318 1503 1728 1542 1627 1312 1384 1458 1851 1873 1572 1563 1683 1481 1792 1715 1968 1857 1606 1540 1408 1659 1252 1199 1383 1644 1267 1156 1786 1786 
20 126 1718 1501 1600 1141 1540 1274 1421 1728 1076 1950 1493 1792 1368 1488 1979 1176 1893 1855 1633 1461 1286 1118 1528 1599 1915 1590 1580 1420 1396 1708 1364 1191 1115 1254 1225 1301 1134 1855 1324 1640 1171 1692 1642 1203 1927 1115 1247 1921 1694 1467 1960 1289 1628 1878 1090 1779 1608 1324 1389 1607 1075 1720 1883 1858 1768 1347 1739 1523 1759 1369 1815 1455 1692 1748 1066 1796 1631 1310 1440 1898 1429 1276 1441 1265 1022 1003 1006 1553 1545 1251 1845 1164 1698 1730 1918 1449 1238 1225 1187 1068 1036 1072 1313 1533 1575 1269 1447 1456 1321 1004 1772 1550 1853 1880 1953 1902 1174 1616 1152 1548 1094 1516 1766 1895 1106 1465 1538 1004 1652 1761 1205 1278 1187 1542 1332 1579 1953 1104 1493 1311 1853 1876 1455 1496 1358 1353 1521 1371 1826 1751 1681 1548 1155 1671 1746 1260 1172 1558 1094 1722 1666 1230 1212 1150 1469 1264 1669 1455 1491 1505 1691 1151 1115 1512 1980 1512 1867 1178 1953 1498 1748 1344 1033 1492 1158 1672 1166 1373 1798 1548 1219 1956 1470 1318 1405 1340 1168 1627 1402 1178 1386 1135 1309 1418 1027 1405 1120 1529 1833 1239 1840 1766 1741 1240 1923 1477 1065 1883 1183 1006 1921 1880 1825 1216 1783 1114 1765 1158 1601 1930 1888 1924 1367 1058 1398 1212 1539 1953 1929 1636 1243 1831 1550 1314 1638 1189 1352 1754 1371 1075 
21 173 1450 1056 1485 1790 1253 1226 1025 1122 1275 1850 1040 1992 1803 1283 1548 1863 1460 1215 1286 1286 1587 1505 1908 1107 1169 1856 1115 1052 1572 1118 1377 1767 1022 1691 1749 1789 1289 1632 1461 1741 1078 1613 1654 1236 1937 1306 1847 1600 1731 1099 1422 1556 1201 1548 1887 1541 1636 1473 1223 1808 1204 1097 1075 1962 1958 1149 1086 1095 1062 1320 1141 1173 1254 1992 1812 1831 1085 1638 1778 1229 1975 1805 1508 1136 1588 1079 1984 1884 1598 1946 1747 1357 1334 1952 1042 1674 1376 1063 1355 1709 1600 1647 1110 1124 1721 1959 1818 1048 1868 1563 1449 1082 1205 1578 1320 1765 1145 1158 1269 1174 1188 1121 1402 1804 1898 1124 1199 1386 1075 1286 1247 1807 1626 1687 1391 1771 1194 1624 1590 1384 1049 1038 1237 1283 1298 1034 1254 1508 1924 1875 1717 1732 1698 1375 1310 1034 1488 1087 1376 1865 1010 1201 1860 1344 1523 1549 1915 1576 1541 1629 1452 1114 1048 1053 1423 1238 1289 1324 1110 1212 1636 1353 1213 1157 1575 1613 1997 1716 1353 1346 1305 1155 1292 1724 1699 1058 1328 1369 1518 1279 1787 1148 1136 1296 1942 1628 1194 1633 1367 1129 1097 1504 1644 1746 1546 1331 1424 1276 1399 1297 1396 1438 1629 1584 1189 1301 1674 1469 1733 1318 1942 1904 1116 1884 1778 1770 1462 1817 1645 1437 1878 1660 1826 1795 1972 1237 1410 1419 1004 1332 
22 185 1588 1455 1058 1979 1300 1925 1414 1319 1670 1330 1254 1969 1735 1782 1634 1964 1582 1310 1954 1118 1505 1006 1179 1931 1895 1762 1126 1910 1101 1876 1090 1595 1836 1754 1864 1074 1921 1156 1999 1701 1776 1898 1324 1662 1319 1276 1297 1045 1409 1865 1231 1285 1110 1856 1918 1423 1555 1577 1683 1061 1703 1360 1404 1432 1754 1414 1526 1484 1515 1856 1597 1395 1493 1548 1363 1409 1001 1917 1953 1414 1050 1394 1179 1164 1318 1639 1487 1544 1970 1201 1596 1793 1610 1784 1338 1092 1158 1752 1753 1412 1915 1052 1957 1046 1609 1197 1810 1707 1704 1472 1931 1626 1747 1014 1075 1536 1039 1927 1416 1956 1405 1087 1758 1678 1357 1792 1209 1869 1416 1914 1353 1688 1884 1708 1438 1830 1843 1940 1637 1892 1667 1476 1878 1988 1821 1013 1305 1494 1236 1076 1890 1351 1032 1967 1218 1818 1885 1809 1994 1089 1801 1329 1286 1672 1590 1571 1053 1955 1821 1149 1970 1834 1535 1245 1096 1842 1499 1960 1410 1665 1281 1221 1751 1454 1930 1858 1182 1849 1543 1040 1323 1108 1493 1709 1675 1257 1607 1166 1473 1661 1073 1482 1093 1932 1359 1874 1544 1561 1914 1707 1088 1205 1952 1280 1498 1019 1084 1054 1011 1934 1085 1475 1483 1314 1578 1043 1793 1864 1915 1801 1023 1219 1038 1874 1445 1117 1596 1244 1839 1547 1105 1385 1192 1805 1433 1951 1285 1832 1384 1134 
23 122 1421 1141 1949 1811 1159 1431 1996 1967 1753 1681 1088 1874 1027 1406 1835 1057 1481 1595 1349 1528 1908 1179 1771 1670 1881 1418 1127 1048 1606 1073 1449 1903 1566 1687 1931 1060 1544 1623 1850 1109 1011 1252 1237 1017 1408 1732 1684 1313 1715 1923 1713 1627 1956 1492 1588 1866 1808 1728 1997 1803 1951 1103 1496 1362 1330 1104 1129 1388 1991 1378 1127 1169 1619 1711 1095 1503 1471 1875 1593 1589 1831 1879 1508 1517 1660 1648 1143 1646 1589 1669 1406 1647 1912 1627 1024 1494 1747 1567 1179 1180 1995 1619 1470 1451 1288 1800 1620 1321 1548 1943 1814 1664 1343 1276 1099 1664 1667 1679 1727 1388 1334 1154 1866 1291 1608 1546 1580 1902 1247 1030 1476 1498 1618 1411 1937 1038 1021 1760 1339 1134 1898 1415 1162 1346 1073 1894 1396 1582 1680 1725 1160 1879 1939 1750 1922 1354 1434 1917 1243 1599 1046 1100 1447 1311 1203 1975 1114 1418 1604 1487 1813 1514 1059 1926 1981 1851 1627 1169 1343 1695 1682 1088 1797 1309 1078 1684 1149 1357 1071 1953 1625 1004 1139 1040 1551 1494 1375 1688 1119 1485 1601 1534 1632 1936 1849 1267 1147 1800 1390 1192 1914 1331 1937 1222 1521 1277 1208 1835 1154 1733 1478 1023 1866 1941 1302 1771 1277 1828 1039 1083 1603 1542 1360 1111 1420 1786 1371 1386 1068 1220 1530 1712 1112 1724 1993 1738 1748 1787 1565 1741 
24 157 1934 1709 1069 1190 1407 1808 1445 1677 1474 1759 1545 1445 1988 1351 1820 1435 1290 1263 1632 1599 1107 1931 1670 1816 1897 1653 1640 1641 1093 1868 1145 1003 1381 1850 1746 1295 1008 1083 1829 1350 1006 1386 1684 1545 1995 1133 1976 1016 1677 1405 1423 1249 1170 1597 1081 1848 1851 1526 1151 1740 1852 1566 1708 1610 1871 1836 1260 1858 1456 1972 1544 1826 1417 1527 1462 1616 1515 1517 1572 1253 1096 1147 1024 1480 1821 1251 1372 1980 1143 1478 1135 1281 1698 1753 1549 1152 1256 1041 1389 1750 1394 1955 1282 1315 1549 1226 1406 1679 1601 1580 1999 1388 1642 1043 1562 1703 1101 1209 1180 1265 1860 1504 1859 1715 1534 1973 1282 1034 1567 1625 1908 1898 1293 1867 1789 1824 1629 1055 1047 1385 1545 1696 1387 1282 1985 1331 1575 1546 1371 1636 1269 1665 1366 1756 1120 1897 1042 1429 1554 1569 1117 1903 1122 1634 1408 1199 1845 1269 1161 1743 1449 1795 1421 1894 1899 1700 1078 1403 1136 1046 1776 1347 1431 1048 1310 1539 1249 1089 1686 1977 1041 1976 1499 1344 1868 1696 1772 1097 1258 1470 1937 1176 1207 1373 1082 1859 1725 1314 1154 1809 1848 1644 1241 1820 1494 1186 1621 1318 1105 1959 1713 1133 1451 1380 1585 1578 1515 1229 1201 1365 1871 1153 1024 1393 1447 1991 1167 1935 1092 1703 1728 1253 1843 1188 1471 1184 1313 1760 1510 1711 
25 108 1608 1792 1978 1715 1213 1386 1690 1968 1578 1120 1625 1987 1800 1026 1711 1289 1950 1494 1892 1915 1169 1895 1881 1897 1581 1147 1066 1524 1812 1533 1386 1963 1784 1292 1460 1555 1953 1774 1593 1827 1926 1091 1119 1252 1352 1596 1598 1788 1932 1955 1228 1776 1357 1466 1494 1100 1437 1797 1602 1031 1212 1779 1709 1642 1319 1424 1500 1215 1407 1818 1130 1536 1862 1053 1065 1493 1650 1836 1860 1880 1536 1961 1394 1802 1468 1264 1599 1616 1413 1253 1224 1774 1421 1041 1642 1515 1197 1754 1255 1784 1961 1071 1513 1292 1889 1032 1085 1133 1896 1807 1215 1845 1067 1539 1782 1343 1492 1958 1114 1614 1802 1885 1071 1585 1192 1318 1438 1075 1188 1226 1154 1229 1968 1726 1408 1349 1503 1791 1146 1520 1293 1148 1992 1943 1999 1521 1150 1379 1734 1881 1284 1612 1305 1843 1939 1330 1179 1890 1506 1346 1467 1559 1280 1547 1686 1259 1639 1488 1607 1870 1871 1034 1950 1780 1679 1964 1209 1520 1908 1924 1405 1652 1509 1657 1026 1062 1278 1904 1947 1320 1409 1886 1617 1258 1375 1767 1278 1429 1185 1022 1511 1594 1539 1088 1883 1906 1917 1231 1984 1928 1126 1022 1623 1167 1345 1329 1477 1255 1197 1235 1963 1450 1869 1779 1627 1607 1835 1949 1816 1272 1179 1797 1928 1068 1086 1122 1014 1009 1506 1594 1015 1921 1528 1748 1412 1605 1507 1739 1578 1917 
26 145 1709 1692 1995 1783 1577 1866 1148 1164 1438 1805 1548 1765 1170 1099 1176 1384 1391 1180 1756 1590 1856 1762 1418 1653 1147 1280 1604 1405 1764 1646 1891 1671 1712 1183 1275 1108 1913 1190 1980 1176 1105 1612 1172 1854 1401 1440 1400 1455 1496 1209 1701 1428 1863 1528 1651 1326 1484 1028 1150 1590 1126 1636 1211 1297 1717 1593 1540 1539 1835 1106 1195 1587 1843 1063 1091 1489 1715 1682 1644 1268 1067 1542 1326 1375 1440 1870 1429 1539 1349 1502 1790 1693 1145 1430 1793 1114 1215 1330 1399 1447 1549 1986 1507 1749 1205 1010 1413 1238 1714 1767 1655 1879 1935 1918 1031 1471 1418 1468 1047 1395 1786 1752 1617 1680 1167 1239 1252 1531 1227 1581 1549 1994 1814 1800 1256 1891 1753 1022 1683 1713 1822 1674 1753 1588 1448 1536 1463 1018 1137 1559 1050 1514 1185 1863 1632 1801 1695 1808 1606 1739 1432 1562 1590 1625 1547 1047 1187 1026 1702 1697 1356 1802 1621 1911 1658 1475 1615 1629 1177 1602 1090 1909 1387 1299 1590 1947 1741 1588 1386 1411 1282 1710 1163 1519 1031 1066 1821 1762 1455 1944 1926 1665 1792 1676 1846 1519 1501 1404 1096 1458 1636 1090 1929 1817 1412 1931 1703 1152 1757 1851 1056 1854 1113 1196 1411 1732 1286 1325 1864 1507 1617 1219 1955 1588 1256 1788 1391 1068 1817 1019 1211 1319 1205 1629 1459 1110 1890 1376 1882 1654 
27 139 1246 1519 1559 1266 1348 1255 1794 1864 1918 1303 1254 1214 1463 1194 1829 1759 1253 1219 1814 1580 1115 1126 1127 1640 1066 1604 1683 1675 1473 1336 1732 1823 1510 1676 1689 1060 1377 1639 1207 1975 1159 1919 1872 1304 1663 1546 1744 1934 1536 1160 1648 1645 1152 1986 1378 1141 1662 1292 1459 1371 1138 1597 1634 1702 1194 1427 1728 1952 1000 1891 1043 1828 1101 1862 1942 1792 1936 1039 1785 1896 1467 1679 1858 1605 1832 1277 1465 1149 1415 1968 1835 1427 1248 1947 1000 1007 1156 1673 1294 1237 1531 1152 1644 1011 1169 1068 1295 1214 1053 1047 1131 1385 1499 1849 1249 1616 1575 1742 1943 1233 1183 1864 1747 1283 1735 1842 1706 1354 1801 1453 1517 1769 1661 1606 1709 1679 1151 1427 1508 1090 1711 1733 1550 1344 1052 1663 1095 1109 1334 1769 1902 1377 1269 1324 1413 1535 1059 1147 1412 1014 1562 1713 1811 1557 1609 1842 1717 1644 1863 1738 1439 1093 1138 1661 1591 1374 1576 1018 1949 1671 1595 1151 1213 1218 1006 1599 1332 1935 1215 1130 1560 1915 1906 1303 1872 1768 1125 1857 1931 1372 1154 1704 1229 1054 1091 1807 1588 1730 1553 1721 1647 1049 1376 1087 1526 1051 1759 1845 1285 1391 1727 1469 1370 1641 1331 1983 1674 1725 1494 1053 1390 1987 1904 1934 1299 1959 1863 1548 1651 1325 1495 1482 1306 1142 1223 1183 1276 1829 1923 1125 
28 133 1985 1039 1974 1415 1328 1670 1510 1920 1063 1086 1309 1029 1406 1641 1842 1269 1276 1598 1444 1420 1052 1910 1048 1641 1524 1405 1675 1968 1651 1246 1847 1434 1364 1417 1475 1906 1527 1240 1921 1268 1025 1944 1350 1951 1274 1669 1675 1727 1947 1919 1322 1007 1217 1451 1675 1159 1925 1408 1822 1887 1574 1948 1774 1189 1566 1175 1814 1945 1572 1632 1126 1651 1460 1156 1368 1329 1677 1364 1334 1161 1484 1555 1375 1857 1968 1309 1720 1305 1223 1569 1373 1525 1616 1471 1718 1460 1528 1734 1509 1636 1502 1850 1392 1227 1183 1898 1616 1548 1956 1228 1086 1508 1713 1820 1425 1062 1617 1582 1187 1187 1308 1389 1892 1416 1424 1116 1024 1455 1871 1477 1661 1924 1727 1923 1887 1746 1197 1406 1641 1221 1527 1268 1167 1306 1272 1050 1713 1147 1839 1501 1634 1382 1699 1557 1567 1250 1181 1590 1822 1041 1250 1693 1654 1914 1184 1284 1558 1612 1541 1820 1269 1114 1335 1892 1597 1748 1830 1489 1762 1794 1837 1702 1399 1121 1949 1666 1865 1872 1598 1007 1021 1739 1350 1578 1149 1866 1344 1773 1135 1885 1281 1187 1611 1152 1860 1918 1175 1684 1088 1284 1377 1842 1347 1228 1604 1295 1641 1217 1535 1284 1919 1886 1312 1728 1886 1234 1092 1196 1208 1636 1130 1283 1516 1460 1055 1416 1109 1569 1483 1620 1777 1490 1642 1284 1636 1529 1150 1448 1390 1615 
29 160 1619 1228 1047 1712 1367 1969 1759 1729 1076 1598 1321 1079 1527 1581 1052 1470 1386 1109 1391 1396 1572 1101 1606 1093 1812 1764 1473 1651 1645 1919 1153 1165 1840 1606 1669 1708 1476 1309 1527 1835 1179 1377 1500 1273 1141 1623 1474 1883 1719 1660 1069 1924 1272 1502 1462 1720 1781 1841 1175 1397 1270 1903 1141 1836 1567 1288 1797 1505 1435 1710 1504 1323 1602 1024 1071 1218 1721 1473 1667 1520 1799 1531 1889 1870 1112 1273 1286 1777 1153 1671 1114 1493 1630 1708 1588 1357 1056 1742 1438 1270 1959 1005 1031 1449 1238 1651 1847 1122 1705 1263 1592 1317 1335 1216 1722 1410 1267 1812 1672 1568 1077 1589 1559 1771 1351 1703 1639 1545 1109 1810 1320 1074 1088 1322 1981 1849 1430 1482 1406 1501 1797 1126 1095 1982 1458 1571 1248 1753 1358 1509 1693 1119 1723 1333 1540 1387 1218 1788 1845 1996 1186 1363 1076 1267 1021 1318 1631 1940 1175 1771 1231 1150 1860 1728 1431 1002 1955 1485 1055 1392 1158 1288 1831 1237 1918 1676 1995 1777 1169 1394 1164 1090 1402 1305 1244 1482 1110 1181 1665 1920 1128 1805 1715 1148 1912 1266 1260 1646 1270 1877 1634 1098 1601 1604 1971 1512 1145 1418 1768 1660 1302 1482 1958 1984 1529 1571 1271 1631 1866 1632 1173 1770 1600 1901 1153 1853 1126 1466 1649 1964 1503 1696 1384 1926 1774 1440 1408 1314 1542 1393 
30 161 1978 1663 1448 1487 1233 1085 1244 1541 1599 1890 1162 1010 1569 1978 1689 1263 1011 1718 1787 1708 1118 1876 1073 1868 1533 1646 1336 1246 1919 1035 1867 1547 1998 1620 1995 1127 1508 1909 1955 1922 1651 1250 1558 1409 1750 1905 1832 1588 1070 1787 1410 1926 1610 1211 1922 1316 1840 1796 1904 1466 1177 1181 1274 1612 1459 1721 1884 1970 1213 1792 1199 1832 1001 1903 1626 1708 1615 1225 1518 1422 1404 1728 1404 1577 1523 1569 1445 1278 1374 1888 1684 1532 1032 1662 1088 1233 1924 1788 1937 1129 1550 1038 1578 1678 1534 1052 1082 1210 1765 1015 1827 1291 1935 1180 1552 1696 1240 1899 1901 1906 1521 1307 1988 1518 1644 1320 1028 1499 1381 1106 1550 1664 1591 1684 1226 1303 1963 1802 1862 1357 1120 1759 1556 1046 1355 1318 1581 1357 1786 1379 1002 1310 1200 1547 1581 1383 1387 1279 1973 1027 1226 1741 1776 1665 1312 1050 1435 1085 1410 1038 1559 1624 1509 1221 1663 1071 1762 1100 1870 1667 1090 1469 1618 1133 1735 1884 1882 1115 1544 1945 1956 1966 1259 1541 1325 1256 1596 1737 1652 1930 1403 1429 1421 1516 1668 1449 1257 1283 1660 1262 1457 1764 1988 1910 1774 1547 1857 1377 1968 1737 1303 1004 1166 1999 1687 1133 1561 1589 1231 1626 1481 1277 1875 1422 1353 1568 1237 1770 1607 1127 1960 1323 1036 1817 1223 1727 1653 1258 1702 1865 
31 157 1160 1102 1168 1960 1413 1261 1301 1376 1133 1784 1283 1773 1954 1459 1432 1441 1298 1731 1154 1364 1377 1090 1449 1145 1386 1891 1732 1847 1153 1867 1299 1756 1425 1950 1336 1124 1926 1508 1849 1915 1883 1682 1097 1167 1247 1915 1349 1763 1791 1137 1581 1977 1583 1957 1027 1443 1221 1592 1499 1815 1968 1083 1886 1905 1457 1809 1722 1590 1111 1842 1253 1249 1949 1170 1890 1025 1916 1324 1457 1699 1403 1428 1154 1436 1124 1226 1624 1204 1979 1086 1039 1143 1088 1546 1611 1656 1630 1403 1431 1511 1661 1898 1048 1740 1553 1020 1689 1602 1220 1453 1523 1405 1778 1216 1887 1464 1808 1505 1873 1967 1868 1786 1176 1044 1407 1662 1620 1822 1756 1545 1268 1719 1328 1667 1512 1803 1700 1459 1057 1455 1732 1833 1207 1148 1366 1393 1351 1598 1279 1112 1068 1098 1034 1498 1738 1280 1890 1789 1090 1121 1928 1208 1572 1452 1646 1795 1956 1758 1680 1872 1091 1551 1809 1648 1203 1098 1903 1009 1649 1780 1962 1023 1533 1872 1906 1185 1086 1017 1282 1941 1230 1179 1521 1517 1210 1356 1932 1585 1719 1833 1061 1801 1415 1261 1585 1741 1235 1335 1403 1270 1415 1356 1063 1869 1625 1469 1196 1968 1113 1831 1109 1788 1280 1528 1190 1756 1583 1481 1283 1996 1175 1161 1695 1943 1187 1363 1978 1611 1056 1842 1162 1536 1814 1082 1570 1937 1733 1974 1894 1121 
